1.902247518301010132e-01 5.058923363685607910e-01
1.817566007375717163e-01 4.939771890640258789e-01
1.766488999128341675e-01 4.846250116825103760e-01
1.726737916469573975e-01 4.765929281711578369e-01
1.693155467510223389e-01 4.693854749202728271e-01
1.663525998592376709e-01 4.627500772476196289e-01
1.636685132980346680e-01 4.565411210060119629e-01
1.611947715282440186e-01 4.506663680076599121e-01
1.588883101940155029e-01 4.450654983520507812e-01
1.567206084728240967e-01 4.396971166133880615e-01
1.546719223260879517e-01 4.345304667949676514e-01
1.527280807495117188e-01 4.295444190502166748e-01
1.508786231279373169e-01 4.247230291366577148e-01
1.491156965494155884e-01 4.200540482997894287e-01
1.474330127239227295e-01 4.155283570289611816e-01
1.458255499601364136e-01 4.111387729644775391e-01
1.442891657352447510e-01 4.068802595138549805e-01
1.428203731775283813e-01 4.027483761310577393e-01
1.414159983396530151e-01 3.987401723861694336e-01
1.400732696056365967e-01 3.948528766632080078e-01
1.387895941734313965e-01 3.910845518112182617e-01
1.375624984502792358e-01 3.874337077140808105e-01
1.363896131515502930e-01 3.838988542556762695e-01
1.352685391902923584e-01 3.804787099361419678e-01
1.341969072818756104e-01 3.771722316741943359e-01
1.331724822521209717e-01 3.739781379699707031e-01
1.321927011013031006e-01 3.708949089050292969e-01
1.312551647424697876e-01 3.679215610027313232e-01
1.303574442863464355e-01 3.650560379028320312e-01
1.294970363378524780e-01 3.622965216636657715e-01
1.286715269088745117e-01 3.596407473087310791e-01
1.278783828020095825e-01 3.570863604545593262e-01
1.271151900291442871e-01 3.546301126480102539e-01
1.263796538114547729e-01 3.522689342498779297e-01
1.256694644689559937e-01 3.499994874000549316e-01
1.249824762344360352e-01 3.478180468082427979e-01
1.243166327476501465e-01 3.457203507423400879e-01
1.236701011657714844e-01 3.437026143074035645e-01
1.230411082506179810e-01 3.417604863643646240e-01
1.224280446767807007e-01 3.398897647857666016e-01
1.218294948339462280e-01 3.380861878395080566e-01
1.212441548705101013e-01 3.363455533981323242e-01
1.206709146499633789e-01 3.346638083457946777e-01
1.201087310910224915e-01 3.330371081829071045e-01
1.195566803216934204e-01 3.314614593982696533e-01
1.190140023827552795e-01 3.299333453178405762e-01
1.184799820184707642e-01 3.284493684768676758e-01
1.179540231823921204e-01 3.270062208175659180e-01
1.174355968832969666e-01 3.256008625030517578e-01
1.169242486357688904e-01 3.242308795452117920e-01
1.164195463061332703e-01 3.228932321071624756e-01
1.159211397171020508e-01 3.215857148170471191e-01
1.154287382960319519e-01 3.203061819076538086e-01
1.149420291185379028e-01 3.190523386001586914e-01
1.144608035683631897e-01 3.178225755691528320e-01
1.139848828315734863e-01 3.166150450706481934e-01
1.135139390826225281e-01 3.154281377792358398e-01
1.130479127168655396e-01 3.142605423927307129e-01
1.125866472721099854e-01 3.131108582019805908e-01
1.121300011873245239e-01 3.119778335094451904e-01
1.116777956485748291e-01 3.108606040477752686e-01
1.112299934029579163e-01 3.097580075263977051e-01
1.107864677906036377e-01 3.086691200733184814e-01
1.103470847010612488e-01 3.075931966304779053e-01
1.099118143320083618e-01 3.065294623374938965e-01
1.094805300235748291e-01 3.054773211479187012e-01
1.090532764792442322e-01 3.044359982013702393e-01
1.086298376321792603e-01 3.034051060676574707e-01
1.082102432847023010e-01 3.023840188980102539e-01
1.077943891286849976e-01 3.013722896575927734e-01
1.073823198676109314e-01 3.003696799278259277e-01
1.069738566875457764e-01 2.993755936622619629e-01
1.065690591931343079e-01 2.983895540237426758e-01
1.061678305268287659e-01 2.974117398262023926e-01
1.057701185345649719e-01 2.964414656162261963e-01
1.053759083151817322e-01 2.954784631729125977e-01
1.049852073192596436e-01 2.945227324962615967e-01
1.045979410409927368e-01 2.935740053653717041e-01
1.042140275239944458e-01 2.926319241523742676e-01
1.038335263729095459e-01 2.916965484619140625e-01
1.034563332796096802e-01 2.907675802707672119e-01
1.030824854969978333e-01 2.898447215557098389e-01
1.027118712663650513e-01 2.889281213283538818e-01
1.023445725440979004e-01 2.880175709724426270e-01
1.019804924726486206e-01 2.871128916740417480e-01
1.016196012496948242e-01 2.862140238285064697e-01
1.012619286775588989e-01 2.853207588195800781e-01
1.009073778986930847e-01 2.844331860542297363e-01
1.005559787154197693e-01 2.835511565208435059e-01
1.002076938748359680e-01 2.826746404170989990e-01
9.986250847578048706e-02 2.818034887313842773e-01
9.952042251825332642e-02 2.809375822544097900e-01
9.918135404586791992e-02 2.800770699977874756e-01
9.884531050920486450e-02 2.792220115661621094e-01
9.851226955652236938e-02 2.783717811107635498e-01
9.818223118782043457e-02 2.775268554687500000e-01
9.785518050193786621e-02 2.766869962215423584e-01
9.753105044364929199e-02 2.758521735668182373e-01
9.720981866121292114e-02 2.750223875045776367e-01
9.689156711101531982e-02 2.741976380348205566e-01
9.657616913318634033e-02 2.733776867389678955e-01
9.626364707946777344e-02 2.725627124309539795e-01
9.595397859811782837e-02 2.717525362968444824e-01
9.564712643623352051e-02 2.709473967552185059e-01
9.534308314323425293e-02 2.701469957828521729e-01
9.504188597202301025e-02 2.693513631820678711e-01
9.474341571331024170e-02 2.685605287551879883e-01
9.444773197174072266e-02 2.677744626998901367e-01
9.415475279092788696e-02 2.669931650161743164e-01
9.386456012725830078e-02 2.662165462970733643e-01
9.357701241970062256e-02 2.654446065425872803e-01
9.329218417406082153e-02 2.646773159503936768e-01
9.301000833511352539e-02 2.639146745204925537e-01
9.273048490285873413e-02 2.631568014621734619e-01
9.245358407497406006e-02 2.624033689498901367e-01
9.217931330204010010e-02 2.616547048091888428e-01
9.190764278173446655e-02 2.609105110168457031e-01
9.163850545883178711e-02 2.601708173751831055e-01
9.137198328971862793e-02 2.594358026981353760e-01
9.110796451568603516e-02 2.587051987648010254e-01
9.084646403789520264e-02 2.579791545867919922e-01
9.058749675750732422e-02 2.572575807571411133e-01
9.033100306987762451e-02 2.565404176712036133e-01
9.007698297500610352e-02 2.558277249336242676e-01
8.982538431882858276e-02 2.551195323467254639e-01
8.957627415657043457e-02 2.544157207012176514e-01
8.932952582836151123e-02 2.537162899971008301e-01
8.908519148826599121e-02 2.530212402343750000e-01
8.884322643280029297e-02 2.523305714130401611e-01
8.860366791486740112e-02 2.516442239284515381e-01
8.836640417575836182e-02 2.509622871875762939e-01
8.813148736953735352e-02 2.502845227718353271e-01
8.789886534214019775e-02 2.496111690998077393e-01
8.766855299472808838e-02 2.489419877529144287e-01
8.744049072265625000e-02 2.482771724462509155e-01
8.721469342708587646e-02 2.476164698600769043e-01
8.699115365743637085e-02 2.469600886106491089e-01
8.676979690790176392e-02 2.463078498840332031e-01
8.655066043138504028e-02 2.456598728895187378e-01
8.633369207382202148e-02 2.450160384178161621e-01
8.611890673637390137e-02 2.443763911724090576e-01
8.590625226497650146e-02 2.437408119440078735e-01
8.569574356079101562e-02 2.431093156337738037e-01
8.548732101917266846e-02 2.424820065498352051e-01
8.528100699186325073e-02 2.418587654829025269e-01
8.507680892944335938e-02 2.412396073341369629e-01
8.487464487552642822e-02 2.406243234872817993e-01
8.467450737953186035e-02 2.400131076574325562e-01
8.447641134262084961e-02 2.394060492515563965e-01
8.428031951189041138e-02 2.388028949499130249e-01
8.408620953559875488e-02 2.382036745548248291e-01
8.389408141374588013e-02 2.376083433628082275e-01
8.370389044284820557e-02 2.370170950889587402e-01
8.351565152406692505e-02 2.364296466112136841e-01
8.332933485507965088e-02 2.358461618423461914e-01
8.314494788646697998e-02 2.352664023637771606e-01
8.296240866184234619e-02 2.346905171871185303e-01
8.278178423643112183e-02 2.341185510158538818e-01
8.260296285152435303e-02 2.335503697395324707e-01
8.242598176002502441e-02 2.329858690500259399e-01
8.225084096193313599e-02 2.324253320693969727e-01
8.207750320434570312e-02 2.318682968616485596e-01
8.190594613552093506e-02 2.313151508569717407e-01
8.173615485429763794e-02 2.307656407356262207e-01
8.156816661357879639e-02 2.302198559045791626e-01
8.140185475349426270e-02 2.296777367591857910e-01
8.123728632926940918e-02 2.291392832994461060e-01
8.107443153858184814e-02 2.286044657230377197e-01
8.091324567794799805e-02 2.280731797218322754e-01
8.075374364852905273e-02 2.275455743074417114e-01
8.059589564800262451e-02 2.270214855670928955e-01
8.043971657752990723e-02 2.265008389949798584e-01
8.028511703014373779e-02 2.259838879108428955e-01
8.013214170932769775e-02 2.254702746868133545e-01
7.998077571392059326e-02 2.249601483345031738e-01
7.983097434043884277e-02 2.244536280632019043e-01
7.968273758888244629e-02 2.239504456520080566e-01
7.953602075576782227e-02 2.234505861997604370e-01
7.939085364341735840e-02 2.229543030261993408e-01
7.924722880125045776e-02 2.224612534046173096e-01
7.910509407520294189e-02 2.219715714454650879e-01
7.896442711353302002e-02 2.214852720499038696e-01
7.882525026798248291e-02 2.210022807121276855e-01
7.868750393390655518e-02 2.205226123332977295e-01
7.855123281478881836e-02 2.200461775064468384e-01
7.841638475656509399e-02 2.195729315280914307e-01
7.828293740749359131e-02 2.191029340028762817e-01
7.815089076757431030e-02 2.186361551284790039e-01
7.802023738622665405e-02 2.181725800037384033e-01
7.789093255996704102e-02 2.177121937274932861e-01
7.776299118995666504e-02 2.172548770904541016e-01
7.763639092445373535e-02 2.168007344007492065e-01
7.751113921403884888e-02 2.163496464490890503e-01
7.738717645406723022e-02 2.159016281366348267e-01
7.726453244686126709e-02 2.154567837715148926e-01
7.714313268661499023e-02 2.150148153305053711e-01
7.702307403087615967e-02 2.145759463310241699e-01
7.690423727035522461e-02 2.141400575637817383e-01
7.678663730621337891e-02 2.137071192264556885e-01
7.667028903961181641e-02 2.132772207260131836e-01
7.655516266822814941e-02 2.128501981496810913e-01
7.644122838973999023e-02 2.124260365962982178e-01
7.632853090763092041e-02 2.120048105716705322e-01
7.621698081493377686e-02 2.115865051746368408e-01
7.610661536455154419e-02 2.111710309982299805e-01
7.599739730358123779e-02 2.107583731412887573e-01
7.588932663202285767e-02 2.103484869003295898e-01
7.578238844871520996e-02 2.099414467811584473e-01
7.567657530307769775e-02 2.095371186733245850e-01
7.557186484336853027e-02 2.091355621814727783e-01
7.546824216842651367e-02 2.087368369102478027e-01
7.536570727825164795e-02 2.083407044410705566e-01
7.526426017284393311e-02 2.079471945762634277e-01
7.516387104988098145e-02 2.075565010309219360e-01
7.506454735994338989e-02 2.071684002876281738e-01
7.496620714664459229e-02 2.067828923463821411e-01
7.486893236637115479e-02 2.064001560211181641e-01
7.477269321680068970e-02 2.060198485851287842e-01
7.467742264270782471e-02 2.056421339511871338e-01
7.458316534757614136e-02 2.052670717239379883e-01
7.448989897966384888e-02 2.048944532871246338e-01
7.439758628606796265e-02 2.045243978500366211e-01
7.430624961853027344e-02 2.041568458080291748e-01
7.421588897705078125e-02 2.037917375564575195e-01
7.412642240524291992e-02 2.034291028976440430e-01
7.403791695833206177e-02 2.030689269304275513e-01
7.395032793283462524e-02 2.027111947536468506e-01
7.386363297700881958e-02 2.023558020591735840e-01
7.377785444259643555e-02 2.020028233528137207e-01
7.369299232959747314e-02 2.016522139310836792e-01
7.360895723104476929e-02 2.013039737939834595e-01
7.352583110332489014e-02 2.009580284357070923e-01
7.344353944063186646e-02 2.006144523620605469e-01
7.336212694644927979e-02 2.002731561660766602e-01
7.328155636787414551e-02 1.999341696500778198e-01
7.320181280374526978e-02 1.995973885059356689e-01
7.312288135290145874e-02 1.992628872394561768e-01
7.304478436708450317e-02 1.989306807518005371e-01
7.296748459339141846e-02 1.986005306243896484e-01
7.289097458124160767e-02 1.982726901769638062e-01
7.281527668237686157e-02 1.979469507932662964e-01
7.274036109447479248e-02 1.976233720779418945e-01
7.266622036695480347e-02 1.973020434379577637e-01
7.259280234575271606e-02 1.969826817512512207e-01
7.252017408609390259e-02 1.966656297445297241e-01
7.244828343391418457e-02 1.963505297899246216e-01
7.237711548805236816e-02 1.960375905036926270e-01
7.230669260025024414e-02 1.957267224788665771e-01
7.223700731992721558e-02 1.954178214073181152e-01
7.216802984476089478e-02 1.951110064983367920e-01
7.209971547126770020e-02 1.948061585426330566e-01
7.203213870525360107e-02 1.945032775402069092e-01
7.196525484323501587e-02 1.942024230957031250e-01
7.189905643463134766e-02 1.939036548137664795e-01
7.183353602886199951e-02 1.936066895723342896e-01
7.176867872476577759e-02 1.933117061853408813e-01
7.170446217060089111e-02 1.930186301469802856e-01
7.164091616868972778e-02 1.927275359630584717e-01
7.157799601554870605e-02 1.924383044242858887e-01
7.151576131582260132e-02 1.921508312225341797e-01
7.145413011312484741e-02 1.918653398752212524e-01
7.139311730861663818e-02 1.915817409753799438e-01
7.133273780345916748e-02 1.912998855113983154e-01
7.127296924591064453e-02 1.910198926925659180e-01
7.121380418539047241e-02 1.907416880130767822e-01
7.115522027015686035e-02 1.904652267694473267e-01
7.109726965427398682e-02 1.901906579732894897e-01
7.103984802961349487e-02 1.899178028106689453e-01
7.098302990198135376e-02 1.896467357873916626e-01
7.092680037021636963e-02 1.893773376941680908e-01
7.087112218141555786e-02 1.891096830368041992e-01
7.081601023674011230e-02 1.888437122106552124e-01
7.076143473386764526e-02 1.885795146226882935e-01
7.070741057395935059e-02 1.883169412612915039e-01
7.065396010875701904e-02 1.880560964345932007e-01
7.060100883245468140e-02 1.877968609333038330e-01
7.054859399795532227e-02 1.875393390655517578e-01
7.049672305583953857e-02 1.872833669185638428e-01
7.044536620378494263e-02 1.870290488004684448e-01
7.039449363946914673e-02 1.867763251066207886e-01
7.034413516521453857e-02 1.865252554416656494e-01
7.029431313276290894e-02 1.862756907939910889e-01
7.024496793746948242e-02 1.860277205705642700e-01
7.019610702991485596e-02 1.857813000679016113e-01
7.014774531126022339e-02 1.855364441871643066e-01
7.009983807802200317e-02 1.852931231260299683e-01
7.005241513252258301e-02 1.850512772798538208e-01
7.000549137592315674e-02 1.848111003637313843e-01
6.995899975299835205e-02 1.845723241567611694e-01
6.991296261548995972e-02 1.843349933624267578e-01
6.986742466688156128e-02 1.840991824865341187e-01
6.982228159904479980e-02 1.838648319244384766e-01
6.977760791778564453e-02 1.836319267749786377e-01
6.973339617252349854e-02 1.834004670381546021e-01
6.968958675861358643e-02 1.831704229116439819e-01
6.964620947837829590e-02 1.829418092966079712e-01
6.960328668355941772e-02 1.827146410942077637e-01
6.956075131893157959e-02 1.824889034032821655e-01
6.951867043972015381e-02 1.822644621133804321e-01
6.947696208953857422e-02 1.820414364337921143e-01
6.943567097187042236e-02 1.818197220563888550e-01
6.939481198787689209e-02 1.815994679927825928e-01
6.935432553291320801e-02 1.813805252313613892e-01
6.931424140930175781e-02 1.811628937721252441e-01
6.927453726530075073e-02 1.809466481208801270e-01
6.923524290323257446e-02 1.807316541671752930e-01
6.919630616903305054e-02 1.805179417133331299e-01
6.915774941444396973e-02 1.803056299686431885e-01
6.911956518888473511e-02 1.800945401191711426e-01
6.908178329467773438e-02 1.798847615718841553e-01
6.904433667659759521e-02 1.796762794256210327e-01
6.900727748870849609e-02 1.794689893722534180e-01
6.897054612636566162e-02 1.792628914117813110e-01
6.893418729305267334e-02 1.790581345558166504e-01
6.889816373586654663e-02 1.788545548915863037e-01
6.886251270771026611e-02 1.786522269248962402e-01
6.882718950510025024e-02 1.784510910511016846e-01
6.879221647977828979e-02 1.782511472702026367e-01
6.875756382942199707e-02 1.780524551868438721e-01
6.872324645519256592e-02 1.778548955917358398e-01
6.868927180767059326e-02 1.776585578918457031e-01
6.865561753511428833e-02 1.774633824825286865e-01
6.862226128578186035e-02 1.772693395614624023e-01
6.858925521373748779e-02 1.770764440298080444e-01
6.855654716491699219e-02 1.768847703933715820e-01
6.852416694164276123e-02 1.766940802335739136e-01
6.849206984043121338e-02 1.765046119689941406e-01
6.846030056476593018e-02 1.763162463903427124e-01
6.842881441116333008e-02 1.761289536952972412e-01
6.839767098426818848e-02 1.759427785873413086e-01
6.836677342653274536e-02 1.757577359676361084e-01
6.833619624376296997e-02 1.755738109350204468e-01
6.830590963363647461e-02 1.753908991813659668e-01
6.827586889266967773e-02 1.752090752124786377e-01
6.824615597724914551e-02 1.750282794237136841e-01
6.821671128273010254e-02 1.748485714197158813e-01
6.818754971027374268e-02 1.746698617935180664e-01
6.815866380929946899e-02 1.744921952486038208e-01
6.813006103038787842e-02 1.743156164884567261e-01
6.810173392295837402e-02 1.741400361061096191e-01
6.807361543178558350e-02 1.739654690027236938e-01
6.804579496383666992e-02 1.737919449806213379e-01
6.801824271678924561e-02 1.736193299293518066e-01
6.799092888832092285e-02 1.734478026628494263e-01
6.796388328075408936e-02 1.732772588729858398e-01
6.793709099292755127e-02 1.731075942516326904e-01
6.791055202484130859e-02 1.729390025138854980e-01
6.788429617881774902e-02 1.727713197469711304e-01
6.785821914672851562e-02 1.726046651601791382e-01
6.783241033554077148e-02 1.724388152360916138e-01
6.780684739351272583e-02 1.722740530967712402e-01
6.778153777122497559e-02 1.721101552248001099e-01
6.775644421577453613e-02 1.719472110271453857e-01
6.773158907890319824e-02 1.717852503061294556e-01
6.770694255828857422e-02 1.716240644454956055e-01
6.768254935741424561e-02 1.714639216661453247e-01
6.765839457511901855e-02 1.713046878576278687e-01
6.763441860675811768e-02 1.711462885141372681e-01
6.761068105697631836e-02 1.709887832403182983e-01
6.758719682693481445e-02 1.708321720361709595e-01
6.756389886140823364e-02 1.706764101982116699e-01
6.754082441329956055e-02 1.705215871334075928e-01
6.751797348260879517e-02 1.703675687313079834e-01
6.749529391527175903e-02 1.702145040035247803e-01
6.747284531593322754e-02 1.700621843338012695e-01
6.745060533285140991e-02 1.699107736349105835e-01
6.742857396602630615e-02 1.697601974010467529e-01
6.740672886371612549e-02 1.696104854345321655e-01
6.738510727882385254e-02 1.694615036249160767e-01
6.736367195844650269e-02 1.693135201930999756e-01
6.734241545200347900e-02 1.691662967205047607e-01
6.732137501239776611e-02 1.690198481082916260e-01
6.730050593614578247e-02 1.688741594552993774e-01
6.727984547615051270e-02 1.687293648719787598e-01
6.725937128067016602e-02 1.685853302478790283e-01
6.723906844854354858e-02 1.684420555830001831e-01
6.721895933151245117e-02 1.682996302843093872e-01
6.719905138015747070e-02 1.681579649448394775e-01
6.717929244041442871e-02 1.680170595645904541e-01
6.715972721576690674e-02 1.678769588470458984e-01
6.714034080505371094e-02 1.677376329898834229e-01
6.712113320827484131e-02 1.675989925861358643e-01
6.710208952426910400e-02 1.674611419439315796e-01
6.708322465419769287e-02 1.673240363597869873e-01
6.706452369689941406e-02 1.671877205371856689e-01
6.704598665237426758e-02 1.670520752668380737e-01
6.702762097120285034e-02 1.669172644615173340e-01
6.700943410396575928e-02 1.667830944061279297e-01
6.699139624834060669e-02 1.666496545076370239e-01
6.697353720664978027e-02 1.665169298648834229e-01
6.695582717657089233e-02 1.663849949836730957e-01
6.693826615810394287e-02 1.662537753582000732e-01
6.692084670066833496e-02 1.661231964826583862e-01
6.690362095832824707e-02 1.659933179616928101e-01
6.688653677701950073e-02 1.658641397953033447e-01
6.686961650848388672e-02 1.657356619834899902e-01
6.685280799865722656e-02 1.656079143285751343e-01
6.683617830276489258e-02 1.654808372259140015e-01
6.681969761848449707e-02 1.653543561697006226e-01
6.680335104465484619e-02 1.652286052703857422e-01
6.678716838359832764e-02 1.651035547256469727e-01
6.677110493183135986e-02 1.649791896343231201e-01
6.675519794225692749e-02 1.648554205894470215e-01
6.673943996429443359e-02 1.647322475910186768e-01
6.672380864620208740e-02 1.646098494529724121e-01
6.670832633972167969e-02 1.644880920648574829e-01
6.669296324253082275e-02 1.643669307231903076e-01
6.667774915695190430e-02 1.642464846372604370e-01
6.666265428066253662e-02 1.641264855861663818e-01
6.664772331714630127e-02 1.640073060989379883e-01
6.663288176059722900e-02 1.638886034488677979e-01
6.661818921566009521e-02 1.637706309556961060e-01
6.660362333059310913e-02 1.636532545089721680e-01
6.658920645713806152e-02 1.635365486145019531e-01
6.657490134239196777e-02 1.634203493595123291e-01
6.656071543693542480e-02 1.633047461509704590e-01
6.654667854309082031e-02 1.631898134946823120e-01
6.653274595737457275e-02 1.630754768848419189e-01
6.651891767978668213e-02 1.629617512226104736e-01
6.650523841381072998e-02 1.628485172986984253e-01
6.649167090654373169e-02 1.627359986305236816e-01
6.647822260856628418e-02 1.626239866018295288e-01
6.646487116813659668e-02 1.625126600265502930e-01
6.645166873931884766e-02 1.624018251895904541e-01
6.643856316804885864e-02 1.622915267944335938e-01
6.642557680606842041e-02 1.621818244457244873e-01
6.641268730163574219e-02 1.620727330446243286e-01
6.639990955591201782e-02 1.619641184806823730e-01
6.638726592063903809e-02 1.618561446666717529e-01
6.637473404407501221e-02 1.617486774921417236e-01
6.636228412389755249e-02 1.616417467594146729e-01
6.634996086359024048e-02 1.615354120731353760e-01
6.633772701025009155e-02 1.614296734333038330e-01
6.632559746503829956e-02 1.613243520259857178e-01
6.631360948085784912e-02 1.612196266651153564e-01
6.630168855190277100e-02 1.611154377460479736e-01
6.628988683223724365e-02 1.610117256641387939e-01
6.627817451953887939e-02 1.609086543321609497e-01
6.626658141613006592e-02 1.608059704303741455e-01
6.625506281852722168e-02 1.607038676738739014e-01
6.624365597963333130e-02 1.606023013591766357e-01
6.623232364654541016e-02 1.605012714862823486e-01
6.622113287448883057e-02 1.604006886482238770e-01
6.621004641056060791e-02 1.603006273508071899e-01
6.619900465011596680e-02 1.602011322975158691e-01
6.618806719779968262e-02 1.601020991802215576e-01
6.617724150419235229e-02 1.600035429000854492e-01
6.616649031639099121e-02 1.599054932594299316e-01
6.615585088729858398e-02 1.598079502582550049e-01
6.614528596401214600e-02 1.597108989953994751e-01
6.613483279943466187e-02 1.596143692731857300e-01
6.612443178892135620e-02 1.595182865858078003e-01
6.611411273479461670e-02 1.594226360321044922e-01
6.610391288995742798e-02 1.593275368213653564e-01
6.609381735324859619e-02 1.592328548431396484e-01
6.608376652002334595e-02 1.591386198997497559e-01
6.607381254434585571e-02 1.590449512004852295e-01
6.606395542621612549e-02 1.589516848325729370e-01
6.605416536331176758e-02 1.588589102029800415e-01
6.604446470737457275e-02 1.587665528059005737e-01
6.603485345840454102e-02 1.586747318506240845e-01
6.602531671524047852e-02 1.585832834243774414e-01
6.601585447788238525e-02 1.584922820329666138e-01
6.600648909807205200e-02 1.584017723798751831e-01
6.599717587232589722e-02 1.583117693662643433e-01
6.598796695470809937e-02 1.582221090793609619e-01
6.597880274057388306e-02 1.581328809261322021e-01
6.596975028514862061e-02 1.580441594123840332e-01
6.596074998378753662e-02 1.579557955265045166e-01
6.595183908939361572e-02 1.578679382801055908e-01
6.594300270080566406e-02 1.577805280685424805e-01
6.593422591686248779e-02 1.576934754848480225e-01
6.592555344104766846e-02 1.576069295406341553e-01
6.591691076755523682e-02 1.575207412242889404e-01
6.590838730335235596e-02 1.574349701404571533e-01
6.589989364147186279e-02 1.573496162891387939e-01
6.589149683713912964e-02 1.572647094726562500e-01
6.588314473628997803e-02 1.571802049875259399e-01
6.587487459182739258e-02 1.570961773395538330e-01
6.586667895317077637e-02 1.570124030113220215e-01
6.585854291915893555e-02 1.569291204214096069e-01
6.585048139095306396e-02 1.568463742733001709e-01
6.584249436855316162e-02 1.567638516426086426e-01
6.583453714847564697e-02 1.566817909479141235e-01
6.582668423652648926e-02 1.566000729799270630e-01
6.581888347864151001e-02 1.565188467502593994e-01
6.581111997365951538e-02 1.564379632472991943e-01
6.580345332622528076e-02 1.563574671745300293e-01
6.579583883285522461e-02 1.562773585319519043e-01
6.578829884529113770e-02 1.561976522207260132e-01
6.578079611063003540e-02 1.561182141304016113e-01
6.577338278293609619e-02 1.560392379760742188e-01
6.576603651046752930e-02 1.559607386589050293e-01
6.575871258974075317e-02 1.558825373649597168e-01
6.575148552656173706e-02 1.558046489953994751e-01
6.574430316686630249e-02 1.557271778583526611e-01
6.573717296123504639e-02 1.556501239538192749e-01
6.573008000850677490e-02 1.555733680725097656e-01
6.572307646274566650e-02 1.554970443248748779e-01
6.571613252162933350e-02 1.554210633039474487e-01
6.570923328399658203e-02 1.553453654050827026e-01
6.570239365100860596e-02 1.552701443433761597e-01
6.569560617208480835e-02 1.551951766014099121e-01
6.568887829780578613e-02 1.551206111907958984e-01
6.568221002817153931e-02 1.550464630126953125e-01
6.567557156085968018e-02 1.549725979566574097e-01
6.566902250051498413e-02 1.548991054296493530e-01
6.566251069307327271e-02 1.548258662223815918e-01
6.565603613853454590e-02 1.547530889511108398e-01
6.564962118864059448e-02 1.546806246042251587e-01
6.564327329397201538e-02 1.546085178852081299e-01
6.563695520162582397e-02 1.545366942882537842e-01
6.563068926334381104e-02 1.544652879238128662e-01
6.562449783086776733e-02 1.543941348791122437e-01
6.561833620071411133e-02 1.543233394622802734e-01
6.561224162578582764e-02 1.542529463768005371e-01
6.560617685317993164e-02 1.541828364133834839e-01
6.560017168521881104e-02 1.541130244731903076e-01
6.559421122074127197e-02 1.540435254573822021e-01
6.558829545974731445e-02 1.539744138717651367e-01
6.558242440223693848e-02 1.539055854082107544e-01
6.557661294937133789e-02 1.538371294736862183e-01
6.557083129882812500e-02 1.537689268589019775e-01
6.556509435176849365e-02 1.537010371685028076e-01
6.555942445993423462e-02 1.536335200071334839e-01
6.555379927158355713e-02 1.535662412643432617e-01
6.554818898439407349e-02 1.534993201494216919e-01
6.554266065359115601e-02 1.534327417612075806e-01
6.553713977336883545e-02 1.533664613962173462e-01
6.553168594837188721e-02 1.533004641532897949e-01
6.552628427743911743e-02 1.532347798347473145e-01
6.552090495824813843e-02 1.531694382429122925e-01
6.551557779312133789e-02 1.531043350696563721e-01
6.551030278205871582e-02 1.530395150184631348e-01
6.550504267215728760e-02 1.529750078916549683e-01
6.549984216690063477e-02 1.529108285903930664e-01
6.549470126628875732e-02 1.528469622135162354e-01
6.548958271741867065e-02 1.527833342552185059e-01
6.548447906970977783e-02 1.527200341224670410e-01
6.547941267490386963e-02 1.526570618152618408e-01
6.547442823648452759e-02 1.525943279266357422e-01
6.546945869922637939e-02 1.525318920612335205e-01
6.546452641487121582e-02 1.524696797132492065e-01
6.545966118574142456e-02 1.524078398942947388e-01
6.545482575893402100e-02 1.523463279008865356e-01
6.544998288154602051e-02 1.522850394248962402e-01
6.544524431228637695e-02 1.522239744663238525e-01
6.544050574302673340e-02 1.521632671356201172e-01
6.543578952550888062e-02 1.521027386188507080e-01
6.543114781379699707e-02 1.520425379276275635e-01
6.542651355266571045e-02 1.519826650619506836e-01
6.542193889617919922e-02 1.519229859113693237e-01
6.541737169027328491e-02 1.518636047840118408e-01
6.541284173727035522e-02 1.518045067787170410e-01
6.540836393833160400e-02 1.517456471920013428e-01
6.540393829345703125e-02 1.516870856285095215e-01
6.539952754974365234e-02 1.516287624835968018e-01
6.539512425661087036e-02 1.515707522630691528e-01
6.539079546928405762e-02 1.515129953622817993e-01
6.538647413253784180e-02 1.514554321765899658e-01
6.538219749927520752e-02 1.513982117176055908e-01
6.537795066833496094e-02 1.513412147760391235e-01
6.537371873855590820e-02 1.512844860553741455e-01
6.536955386400222778e-02 1.512279361486434937e-01
6.536538898944854736e-02 1.511717140674591064e-01
6.536127626895904541e-02 1.511157304048538208e-01
6.535720825195312500e-02 1.510599851608276367e-01
6.535315513610839844e-02 1.510045677423477173e-01
6.534913182258605957e-02 1.509493291378021240e-01
6.534513831138610840e-02 1.508943289518356323e-01
6.534117460250854492e-02 1.508395969867706299e-01
6.533727049827575684e-02 1.507850587368011475e-01
6.533332914113998413e-02 1.507308483123779297e-01
6.532945483922958374e-02 1.506768316030502319e-01
6.532561779022216797e-02 1.506230980157852173e-01
6.532182544469833374e-02 1.505695879459381104e-01
6.531801819801330566e-02 1.505163013935089111e-01
6.531427800655364990e-02 1.504631787538528442e-01
6.531055271625518799e-02 1.504104137420654297e-01
6.530685722827911377e-02 1.503577828407287598e-01
6.530319154262542725e-02 1.503054797649383545e-01
6.529953330755233765e-02 1.502533257007598877e-01
6.529591232538223267e-02 1.502014994621276855e-01
6.529233604669570923e-02 1.501498222351074219e-01
6.528875976800918579e-02 1.500984132289886475e-01
6.528522074222564697e-02 1.500471830368041992e-01
6.528171896934509277e-02 1.499962508678436279e-01
6.527824699878692627e-02 1.499455124139785767e-01
6.527478992938995361e-02 1.498949527740478516e-01
6.527135521173477173e-02 1.498446911573410034e-01
6.526797264814376831e-02 1.497946083545684814e-01
6.526458263397216797e-02 1.497447788715362549e-01
6.526122242212295532e-02 1.496951282024383545e-01
6.525789201259613037e-02 1.496457457542419434e-01
6.525459885597229004e-02 1.495965570211410522e-01
6.525130569934844971e-02 1.495475620031356812e-01
6.524806469678878784e-02 1.494988054037094116e-01
6.524483114480972290e-02 1.494501829147338867e-01
6.524161994457244873e-02 1.494018584489822388e-01
6.523844599723815918e-02 1.493537724018096924e-01
6.523529440164566040e-02 1.493058502674102783e-01
6.523217260837554932e-02 1.492581069469451904e-01
6.522902846336364746e-02 1.492106318473815918e-01
6.522595882415771484e-02 1.491633653640747070e-01
6.522290408611297607e-02 1.491163074970245361e-01
6.521984189748764038e-02 1.490693688392639160e-01
6.521682441234588623e-02 1.490226686000823975e-01
6.521382182836532593e-02 1.489762067794799805e-01
6.521084159612655640e-02 1.489299535751342773e-01
6.520789861679077148e-02 1.488838940858840942e-01
6.520496308803558350e-02 1.488380134105682373e-01
6.520203500986099243e-02 1.487924009561538696e-01
6.519914418458938599e-02 1.487468779087066650e-01
6.519627571105957031e-02 1.487016379833221436e-01
6.519342958927154541e-02 1.486565768718719482e-01
6.519061326980590820e-02 1.486116498708724976e-01
6.518780440092086792e-02 1.485669910907745361e-01
6.518503278493881226e-02 1.485224813222885132e-01
6.518224626779556274e-02 1.484782397747039795e-01
6.517949700355529785e-02 1.484341025352478027e-01
6.517677009105682373e-02 1.483901590108871460e-01
6.517406553030014038e-02 1.483464241027832031e-01
6.517139077186584473e-02 1.483029127120971680e-01
6.516870856285095215e-02 1.482595652341842651e-01
6.516607105731964111e-02 1.482164263725280762e-01
6.516342610120773315e-02 1.481734216213226318e-01
6.516084074974060059e-02 1.481306254863739014e-01
6.515824049711227417e-02 1.480880081653594971e-01
6.515567004680633545e-02 1.480455994606018066e-01
6.515312194824218750e-02 1.480033546686172485e-01
6.515056639909744263e-02 1.479613184928894043e-01
6.514805555343627930e-02 1.479194015264511108e-01
6.514556705951690674e-02 1.478776931762695312e-01
6.514306366443634033e-02 1.478362232446670532e-01
6.514061987400054932e-02 1.477948427200317383e-01
6.513818353414535522e-02 1.477536410093307495e-01
6.513571739196777344e-02 1.477126479148864746e-01
6.513331830501556396e-02 1.476718336343765259e-01
6.513093411922454834e-02 1.476312279701232910e-01
6.512854993343353271e-02 1.475907266139984131e-01
6.512621045112609863e-02 1.475504636764526367e-01
6.512384861707687378e-02 1.475103199481964111e-01
6.512150913476943970e-02 1.474703848361968994e-01
6.511920690536499023e-02 1.474305540323257446e-01
6.511691212654113770e-02 1.473910510540008545e-01
6.511461734771728516e-02 1.473515480756759644e-01
6.511236727237701416e-02 1.473122537136077881e-01
6.511013954877853394e-02 1.472731381654739380e-01
6.510789692401885986e-02 1.472342163324356079e-01
6.510567665100097656e-02 1.471954286098480225e-01
6.510347127914428711e-02 1.471568495035171509e-01
6.510128825902938843e-02 1.471184194087982178e-01
6.509912014007568359e-02 1.470800638198852539e-01
6.509696692228317261e-02 1.470419466495513916e-01
6.509482860565185547e-02 1.470039933919906616e-01
6.509268283843994141e-02 1.469661891460418701e-01
6.509058922529220581e-02 1.469285488128662109e-01
6.508849561214447021e-02 1.468910872936248779e-01
6.508641690015792847e-02 1.468537151813507080e-01
6.508435308933258057e-02 1.468165516853332520e-01
6.508228927850723267e-02 1.467795521020889282e-01
6.508024036884307861e-02 1.467427164316177368e-01
6.507823616266250610e-02 1.467059850692749023e-01
6.507622450590133667e-02 1.466694474220275879e-01
6.507423520088195801e-02 1.466330885887145996e-01
6.507225334644317627e-02 1.465968191623687744e-01
6.507028639316558838e-02 1.465606987476348877e-01
6.506831943988800049e-02 1.465247720479965210e-01
6.506638973951339722e-02 1.464890241622924805e-01
6.506444513797760010e-02 1.464533805847167969e-01
6.506253033876419067e-02 1.464179009199142456e-01
6.506064534187316895e-02 1.463825106620788574e-01
6.505874544382095337e-02 1.463473141193389893e-01
6.505685299634933472e-02 1.463122963905334473e-01
6.505500525236129761e-02 1.462773978710174561e-01
6.505315750837326050e-02 1.462426632642745972e-01
6.505131721496582031e-02 1.462080031633377075e-01
6.504948437213897705e-02 1.461736261844635010e-01
6.504766643047332764e-02 1.461393237113952637e-01
6.504587084054946899e-02 1.461050510406494141e-01
6.504406034946441650e-02 1.460710465908050537e-01
6.504230201244354248e-02 1.460371911525726318e-01
6.504052132368087769e-02 1.460034549236297607e-01
6.503878533840179443e-02 1.459698230028152466e-01
6.503702700138092041e-02 1.459363400936126709e-01
6.503528356552124023e-02 1.459030807018280029e-01
6.503357738256454468e-02 1.458698362112045288e-01
6.503186374902725220e-02 1.458367854356765747e-01
6.503015756607055664e-02 1.458038687705993652e-01
6.502845883369445801e-02 1.457710862159729004e-01
6.502680480480194092e-02 1.457384526729583740e-01
6.502514332532882690e-02 1.457059681415557861e-01
6.502348184585571289e-02 1.456736028194427490e-01
6.502183526754379272e-02 1.456413418054580688e-01
6.502021104097366333e-02 1.456092298030853271e-01
6.501859426498413086e-02 1.455772668123245239e-01
6.501698493957519531e-02 1.455454081296920776e-01
6.501537561416625977e-02 1.455136835575103760e-01
6.501379609107971191e-02 1.454821079969406128e-01
6.501223891973495483e-02 1.454506069421768188e-01
6.501065194606781006e-02 1.454193294048309326e-01
6.500908732414245605e-02 1.453881263732910156e-01
6.500755250453948975e-02 1.453570872545242310e-01
6.500600278377532959e-02 1.453261971473693848e-01
6.500446796417236328e-02 1.452953815460205078e-01
6.500295549631118774e-02 1.452646851539611816e-01
6.500145792961120605e-02 1.452341675758361816e-01
6.499994546175003052e-02 1.452037096023559570e-01
6.499846279621124268e-02 1.451734304428100586e-01
6.499698013067245483e-02 1.451432704925537109e-01
6.499551981687545776e-02 1.451131701469421387e-01
6.499405950307846069e-02 1.450832039117813110e-01
6.499260663986206055e-02 1.450534164905548096e-01
6.499116122722625732e-02 1.450237333774566650e-01
6.498972326517105103e-02 1.449941694736480713e-01
6.498830020427703857e-02 1.449647247791290283e-01
6.498686969280242920e-02 1.449353694915771484e-01
6.498546898365020752e-02 1.449061632156372070e-01
6.498406827449798584e-02 1.448770910501480103e-01
6.498268246650695801e-02 1.448480784893035889e-01
6.498132646083831787e-02 1.448193043470382690e-01
6.497994065284729004e-02 1.447905749082565308e-01
6.497857719659805298e-02 1.447620093822479248e-01
6.497722864151000977e-02 1.447335183620452881e-01
6.497587263584136963e-02 1.447050571441650391e-01
6.497453153133392334e-02 1.446768343448638916e-01
6.497322022914886475e-02 1.446487009525299072e-01
6.497190892696380615e-02 1.446206569671630859e-01
6.497058272361755371e-02 1.445927321910858154e-01
6.496927142143249512e-02 1.445648968219757080e-01
6.496798247098922729e-02 1.445372551679611206e-01
6.496667861938476562e-02 1.445096731185913086e-01
6.496540457010269165e-02 1.444821655750274658e-01
6.496412307024002075e-02 1.444547772407531738e-01
6.496286392211914062e-02 1.444275677204132080e-01
6.496160477399826050e-02 1.444004476070404053e-01
6.496037542819976807e-02 1.443733721971511841e-01
6.495911628007888794e-02 1.443464457988739014e-01
6.495787948369979858e-02 1.443196535110473633e-01
6.495665013790130615e-02 1.442930102348327637e-01
6.495542824268341064e-02 1.442663669586181641e-01
6.495422124862670898e-02 1.442398875951766968e-01
6.495302915573120117e-02 1.442135274410247803e-01
6.495182216167449951e-02 1.441872417926788330e-01
6.495063006877899170e-02 1.441611200571060181e-01
6.494944542646408081e-02 1.441350877285003662e-01
6.494827568531036377e-02 1.441090553998947144e-01
6.494709104299545288e-02 1.440832614898681641e-01
6.494595110416412354e-02 1.440575271844863892e-01
6.494478136301040649e-02 1.440318524837493896e-01
6.494363397359848022e-02 1.440063416957855225e-01
6.494250893592834473e-02 1.439809054136276245e-01
6.494136154651641846e-02 1.439555585384368896e-01
6.494022905826568604e-02 1.439303308725357056e-01
6.493911147117614746e-02 1.439051777124404907e-01
6.493800878524780273e-02 1.438801586627960205e-01
6.493689119815826416e-02 1.438551992177963257e-01
6.493578106164932251e-02 1.438303440809249878e-01
6.493467837572097778e-02 1.438056826591491699e-01
6.493359804153442383e-02 1.437810659408569336e-01
6.493250280618667603e-02 1.437565088272094727e-01
6.493142992258071899e-02 1.437320709228515625e-01
6.493037939071655273e-02 1.437077075242996216e-01
6.492930650711059570e-02 1.436834931373596191e-01
6.492823362350463867e-02 1.436593532562255859e-01
6.492718309164047241e-02 1.436352580785751343e-01
6.492614746093750000e-02 1.436113715171813965e-01
6.492510437965393066e-02 1.435875147581100464e-01
6.492407619953155518e-02 1.435637325048446655e-01
6.492304056882858276e-02 1.435400694608688354e-01
6.492202728986740112e-02 1.435164958238601685e-01
6.492099165916442871e-02 1.434930413961410522e-01
6.491997092962265015e-02 1.434696614742279053e-01
6.491898745298385620e-02 1.434463709592819214e-01
6.491798162460327148e-02 1.434231698513031006e-01
6.491699069738388062e-02 1.434000432491302490e-01
6.491600722074508667e-02 1.433770358562469482e-01
6.491500884294509888e-02 1.433541476726531982e-01
6.491401791572570801e-02 1.433313488960266113e-01
6.491304934024810791e-02 1.433085501194000244e-01
6.491209566593170166e-02 1.432859152555465698e-01
6.491113454103469849e-02 1.432633250951766968e-01
6.491018086671829224e-02 1.432408690452575684e-01
6.490922719240188599e-02 1.432185173034667969e-01
6.490828096866607666e-02 1.431961953639984131e-01
6.490734219551086426e-02 1.431739926338195801e-01
6.490640342235565186e-02 1.431519091129302979e-01
6.490549445152282715e-02 1.431299299001693726e-01
6.490454077720642090e-02 1.431079357862472534e-01
6.490362435579299927e-02 1.430860757827758789e-01
6.490272283554077148e-02 1.430642753839492798e-01
6.490179151296615601e-02 1.430426239967346191e-01
6.490088999271392822e-02 1.430210471153259277e-01
6.489998847246170044e-02 1.429995298385620117e-01
6.489907205104827881e-02 1.429781168699264526e-01
6.489820778369903564e-02 1.429567784070968628e-01
6.489732116460800171e-02 1.429355442523956299e-01
6.489643454551696777e-02 1.429143548011779785e-01
6.489554792642593384e-02 1.428932398557662964e-01
6.489468365907669067e-02 1.428722739219665527e-01
6.489381194114685059e-02 1.428513079881668091e-01
6.489295512437820435e-02 1.428304612636566162e-01
6.489209085702896118e-02 1.428096741437911987e-01
6.489123404026031494e-02 1.427890360355377197e-01
6.489038467407226562e-02 1.427684277296066284e-01
6.488955765962600708e-02 1.427479237318038940e-01
6.488870829343795776e-02 1.427274942398071289e-01
6.488786637783050537e-02 1.427071541547775269e-01
6.488703191280364990e-02 1.426868736743927002e-01
6.488621234893798828e-02 1.426667124032974243e-01
6.488537788391113281e-02 1.426465660333633423e-01
6.488455832004547119e-02 1.426265537738800049e-01
6.488373875617980957e-02 1.426066011190414429e-01
6.488293409347534180e-02 1.425867080688476562e-01
6.488210707902908325e-02 1.425669044256210327e-01
6.488130986690521240e-02 1.425471603870391846e-01
6.488053500652313232e-02 1.425275057554244995e-01
6.487973034381866455e-02 1.425079703330993652e-01
6.487894058227539062e-02 1.424884945154190063e-01
6.487813591957092285e-02 1.424690485000610352e-01
6.487736105918884277e-02 1.424497365951538086e-01
6.487658619880676270e-02 1.424304544925689697e-01
6.487581133842468262e-02 1.424112617969512939e-01
6.487505882978439331e-02 1.423921585083007812e-01
6.487426161766052246e-02 1.423730999231338501e-01
6.487348675727844238e-02 1.423541605472564697e-01
6.487274169921875000e-02 1.423352360725402832e-01
6.487199664115905762e-02 1.423164457082748413e-01
6.487122923135757446e-02 1.422977149486541748e-01
6.487049162387847900e-02 1.422790139913558960e-01
6.486973166465759277e-02 1.422604024410247803e-01
6.486897915601730347e-02 1.422419100999832153e-01
6.486825644969940186e-02 1.422233879566192627e-01
6.486751139163970947e-02 1.422051042318344116e-01
6.486678868532180786e-02 1.421867460012435913e-01
6.486605107784271240e-02 1.421684920787811279e-01
6.486532837152481079e-02 1.421503424644470215e-01
6.486461311578750610e-02 1.421322375535964966e-01
6.486389040946960449e-02 1.421142220497131348e-01
6.486316025257110596e-02 1.420962810516357422e-01
6.486244499683380127e-02 1.420783400535583496e-01
6.486175954341888428e-02 1.420605182647705078e-01
6.486104428768157959e-02 1.420427858829498291e-01
6.486034393310546875e-02 1.420251280069351196e-01
6.485964357852935791e-02 1.420075297355651855e-01
6.485892832279205322e-02 1.419899314641952515e-01
6.485825031995773315e-02 1.419724524021148682e-01
6.485757976770401001e-02 1.419550478458404541e-01
6.485687196254730225e-02 1.419377028942108154e-01
6.485619395971298218e-02 1.419203877449035645e-01
6.485551595687866211e-02 1.419032216072082520e-01
6.485483050346374512e-02 1.418860703706741333e-01
6.485415995121002197e-02 1.418690383434295654e-01
6.485350430011749268e-02 1.418519616127014160e-01
6.485284119844436646e-02 1.418350189924240112e-01
6.485216319561004639e-02 1.418181657791137695e-01
6.485150754451751709e-02 1.418013572692871094e-01
6.485085934400558472e-02 1.417846232652664185e-01
6.485018134117126465e-02 1.417678892612457275e-01
6.484952569007873535e-02 1.417512595653533936e-01
6.484889239072799683e-02 1.417347341775894165e-01
6.484825164079666138e-02 1.417182087898254395e-01
6.484758108854293823e-02 1.417017877101898193e-01
6.484693288803100586e-02 1.416853666305541992e-01
6.484629958868026733e-02 1.416691243648529053e-01
6.484568119049072266e-02 1.416528671979904175e-01
6.484505534172058105e-02 1.416366994380950928e-01
6.484442949295043945e-02 1.416205912828445435e-01
6.484377384185791016e-02 1.416045129299163818e-01
6.484314799308776855e-02 1.415885090827941895e-01
6.484253704547882080e-02 1.415725797414779663e-01
6.484191119670867920e-02 1.415567249059677124e-01
6.484130024909973145e-02 1.415408849716186523e-01
6.484068185091018677e-02 1.415251493453979492e-01
6.484006345272064209e-02 1.415094733238220215e-01
6.483945250511169434e-02 1.414938569068908691e-01
6.483884900808334351e-02 1.414782553911209106e-01
6.483823060989379883e-02 1.414627581834793091e-01
6.483763456344604492e-02 1.414472907781600952e-01
6.483703851699829102e-02 1.414319276809692383e-01
6.483644247055053711e-02 1.414166241884231567e-01
6.483583897352218628e-02 1.414012908935546875e-01
6.483526527881622314e-02 1.413861215114593506e-01
6.483465433120727539e-02 1.413708925247192383e-01
6.483406573534011841e-02 1.413558125495910645e-01
6.483347713947296143e-02 1.413407474756240845e-01
6.483289599418640137e-02 1.413258314132690430e-01
6.483231484889984131e-02 1.413108408451080322e-01
6.483173370361328125e-02 1.412959992885589600e-01
6.483116000890731812e-02 1.412811577320098877e-01
6.483058631420135498e-02 1.412664204835891724e-01
6.483000516891479492e-02 1.412517130374908447e-01
6.482943892478942871e-02 1.412370502948760986e-01
6.482887268066406250e-02 1.412224769592285156e-01
6.482830643653869629e-02 1.412079185247421265e-01
6.482774019241333008e-02 1.411934196949005127e-01
6.482717394828796387e-02 1.411790251731872559e-01
6.482662260532379150e-02 1.411646604537963867e-01
6.482607126235961914e-02 1.411503553390502930e-01
6.482551991939544678e-02 1.411360651254653931e-01
6.482496112585067749e-02 1.411218941211700439e-01
6.482442468404769897e-02 1.411077529191970825e-01
6.482384353876113892e-02 1.410936266183853149e-01
6.482329964637756348e-02 1.410796344280242920e-01
6.482276320457458496e-02 1.410655826330184937e-01
6.482221931219100952e-02 1.410516500473022461e-01
6.482170522212982178e-02 1.410377323627471924e-01
6.482113897800445557e-02 1.410239338874816895e-01
6.482060253620147705e-02 1.410101205110549927e-01
6.482007354497909546e-02 1.409964263439178467e-01
6.481954455375671387e-02 1.409827321767807007e-01
6.481900066137313843e-02 1.409690976142883301e-01
6.481848657131195068e-02 1.409555226564407349e-01
6.481794267892837524e-02 1.409419775009155273e-01
6.481742113828659058e-02 1.409284919500350952e-01
6.481690704822540283e-02 1.409151554107666016e-01
6.481638550758361816e-02 1.409016698598861694e-01
6.481585651636123657e-02 1.408884078264236450e-01
6.481532007455825806e-02 1.408751010894775391e-01
6.481481343507766724e-02 1.408618986606597900e-01
6.481431424617767334e-02 1.408486813306808472e-01
6.481379270553588867e-02 1.408355981111526489e-01
6.481328606605529785e-02 1.408224850893020630e-01
6.481277197599411011e-02 1.408095210790634155e-01
6.481225788593292236e-02 1.407965123653411865e-01
6.481176614761352539e-02 1.407835781574249268e-01
6.481122970581054688e-02 1.407707035541534424e-01
6.481074541807174683e-02 1.407578885555267334e-01
6.481023877859115601e-02 1.407451033592224121e-01
6.480973213911056519e-02 1.407323777675628662e-01
6.480924040079116821e-02 1.407197415828704834e-01
6.480875611305236816e-02 1.407070308923721313e-01
6.480824947357177734e-02 1.406944394111633301e-01
6.480775773525238037e-02 1.406819224357604980e-01
6.480726599693298340e-02 1.406694054603576660e-01
6.480677425861358643e-02 1.406569629907608032e-01
6.480630487203598022e-02 1.406445801258087158e-01
6.480580568313598633e-02 1.406321525573730469e-01
6.480533629655838013e-02 1.406199038028717041e-01
6.480482220649719238e-02 1.406076103448867798e-01
6.480435281991958618e-02 1.405954509973526001e-01
6.480386108160018921e-02 1.405832618474960327e-01
6.480339169502258301e-02 1.405711472034454346e-01
6.480291485786437988e-02 1.405590623617172241e-01
6.480242311954498291e-02 1.405470073223114014e-01
6.480196118354797363e-02 1.405350118875503540e-01
6.480147689580917358e-02 1.405230909585952759e-01
6.480102241039276123e-02 1.405111402273178101e-01
6.480054557323455811e-02 1.404993236064910889e-01
6.480006873607635498e-02 1.404874920845031738e-01
6.479959189891815186e-02 1.404756903648376465e-01
6.479912996292114258e-02 1.404639482498168945e-01
6.479867547750473022e-02 1.404523551464080811e-01
6.479821354150772095e-02 1.404406428337097168e-01
6.479774415493011475e-02 1.404290646314620972e-01
6.479728966951370239e-02 1.404175460338592529e-01
6.479682028293609619e-02 1.404060274362564087e-01
6.479636579751968384e-02 1.403945833444595337e-01
6.479591131210327148e-02 1.403831243515014648e-01
6.479542702436447144e-02 1.403717398643493652e-01
6.479500234127044678e-02 1.403604000806808472e-01
6.479454040527343750e-02 1.403490602970123291e-01
6.479408591985702515e-02 1.403378397226333618e-01
6.479364633560180664e-02 1.403265893459320068e-01
6.479319930076599121e-02 1.403154730796813965e-01
6.479276716709136963e-02 1.403042972087860107e-01
6.479232013225555420e-02 1.402932405471801758e-01
6.479184329509735107e-02 1.402821838855743408e-01
6.479141116142272949e-02 1.402711868286132812e-01
6.479096412658691406e-02 1.402602195739746094e-01
6.479053199291229248e-02 1.402492523193359375e-01
6.479008495807647705e-02 1.402383744716644287e-01
6.478966027498245239e-02 1.402275562286376953e-01
6.478919088840484619e-02 1.402167677879333496e-01
6.478875875473022461e-02 1.402059793472290039e-01
6.478831171989440918e-02 1.401952654123306274e-01
6.478788703680038452e-02 1.401844918727874756e-01
6.478746980428695679e-02 1.401739120483398438e-01
6.478702276945114136e-02 1.401633024215698242e-01
6.478658318519592285e-02 1.401527374982833862e-01
6.478616595268249512e-02 1.401421874761581421e-01
6.478571891784667969e-02 1.401316821575164795e-01
6.478530168533325195e-02 1.401212811470031738e-01
6.478488445281982422e-02 1.401108503341674805e-01
6.478442251682281494e-02 1.401004791259765625e-01
6.478402763605117798e-02 1.400900781154632568e-01
6.478358060121536255e-02 1.400798410177230835e-01
6.478317081928253174e-02 1.400695294141769409e-01
6.478275358676910400e-02 1.400592923164367676e-01
6.478232145309448242e-02 1.400491297245025635e-01
6.478188931941986084e-02 1.400390118360519409e-01
6.478147208690643311e-02 1.400289237499237061e-01
6.478106975555419922e-02 1.400187909603118896e-01
6.478064507246017456e-02 1.400087475776672363e-01
6.478023529052734375e-02 1.399987787008285522e-01
6.477981805801391602e-02 1.399888396263122559e-01
6.477940082550048828e-02 1.399788558483123779e-01
6.477899849414825439e-02 1.399689912796020508e-01
6.477858126163482666e-02 1.399591267108917236e-01
6.477817893028259277e-02 1.399493217468261719e-01
6.477774679660797119e-02 1.399395465850830078e-01
6.477732956409454346e-02 1.399297565221786499e-01
6.477694213390350342e-02 1.399200409650802612e-01
6.477652490139007568e-02 1.399103850126266479e-01
6.477610766887664795e-02 1.399007141590118408e-01
6.477572023868560791e-02 1.398911476135253906e-01
6.477531045675277710e-02 1.398815810680389404e-01
6.477490067481994629e-02 1.398720294237136841e-01
6.477449089288711548e-02 1.398625224828720093e-01
6.477410346269607544e-02 1.398530602455139160e-01
6.477369368076324463e-02 1.398436427116394043e-01
6.477329134941101074e-02 1.398342400789260864e-01
6.477290391921997070e-02 1.398248523473739624e-01
6.477250158786773682e-02 1.398155391216278076e-01
6.477209925651550293e-02 1.398062556982040405e-01
6.477169692516326904e-02 1.397970020771026611e-01
6.477130949497222900e-02 1.397877931594848633e-01
6.477090716361999512e-02 1.397785842418670654e-01
6.477050483226776123e-02 1.397693902254104614e-01
6.477011740207672119e-02 1.397603154182434082e-01
6.476970016956329346e-02 1.397511512041091919e-01
6.476932764053344727e-02 1.397421211004257202e-01
6.476892530918121338e-02 1.397330760955810547e-01
6.476856023073196411e-02 1.397240906953811646e-01
6.476816534996032715e-02 1.397151947021484375e-01
6.476774811744689941e-02 1.397062093019485474e-01
6.476739048957824707e-02 1.396972984075546265e-01
6.476699560880661011e-02 1.396884918212890625e-01
6.476660072803497314e-02 1.396796405315399170e-01
6.476621329784393311e-02 1.396708488464355469e-01
6.476583331823348999e-02 1.396620720624923706e-01
6.476544588804244995e-02 1.396532952785491943e-01
6.476507335901260376e-02 1.396446079015731812e-01
6.476466357707977295e-02 1.396359354257583618e-01
6.476427614688873291e-02 1.396272629499435425e-01
6.476391106843948364e-02 1.396186947822570801e-01
6.476353853940963745e-02 1.396101266145706177e-01
6.476314365863800049e-02 1.396014988422393799e-01
6.476275622844696045e-02 1.395930498838424683e-01
6.476239860057830811e-02 1.395844817161560059e-01
6.476202607154846191e-02 1.395760774612426758e-01
6.476163119077682495e-02 1.395676285028457642e-01
6.476125866174697876e-02 1.395592242479324341e-01
6.476087868213653564e-02 1.395508497953414917e-01
6.476049125194549561e-02 1.395425498485565186e-01
6.476011127233505249e-02 1.395342499017715454e-01
6.475974619388580322e-02 1.395259797573089600e-01
6.475937366485595703e-02 1.395177245140075684e-01
6.475900858640670776e-02 1.395095139741897583e-01
6.475862860679626465e-02 1.395013034343719482e-01
6.475825607776641846e-02 1.394931077957153320e-01
6.475788354873657227e-02 1.394850015640258789e-01
6.475751101970672607e-02 1.394769102334976196e-01
6.475715339183807373e-02 1.394688636064529419e-01
6.475678086280822754e-02 1.394607722759246826e-01
6.475640088319778442e-02 1.394527703523635864e-01
6.475602090358734131e-02 1.394447982311248779e-01
6.475567072629928589e-02 1.394367814064025879e-01
6.475529819726943970e-02 1.394289135932922363e-01
6.475492566823959351e-02 1.394210159778594971e-01
6.475456804037094116e-02 1.394131183624267578e-01
6.475420296192169189e-02 1.394053101539611816e-01
6.475384533405303955e-02 1.393974423408508301e-01
6.475347280502319336e-02 1.393896937370300293e-01
6.475312262773513794e-02 1.393819004297256470e-01
6.475275009870529175e-02 1.393741369247436523e-01
6.475237011909484863e-02 1.393665224313735962e-01
6.475201249122619629e-02 1.393588036298751831e-01
6.475165486335754395e-02 1.393511295318603516e-01
6.475129723548889160e-02 1.393435597419738770e-01
6.475093960762023926e-02 1.393360197544097900e-01
6.475058197975158691e-02 1.393283605575561523e-01
6.475020945072174072e-02 1.393208205699920654e-01
6.474984437227249146e-02 1.393133252859115601e-01
6.474950164556503296e-02 1.393058300018310547e-01
6.474910676479339600e-02 1.392983794212341309e-01
6.474876403808593750e-02 1.392909437417984009e-01
6.474842131137847900e-02 1.392835676670074463e-01
6.474803388118743896e-02 1.392761766910552979e-01
6.474767625331878662e-02 1.392688006162643433e-01
6.474734097719192505e-02 1.392614841461181641e-01
6.474698334932327271e-02 1.392541378736495972e-01
6.474663317203521729e-02 1.392468661069869995e-01
6.474627554416656494e-02 1.392396241426467896e-01
6.474593281745910645e-02 1.392323821783065796e-01
6.474558264017105103e-02 1.392251700162887573e-01
6.474523246288299561e-02 1.392180621623992920e-01
6.474487483501434326e-02 1.392108500003814697e-01
6.474452465772628784e-02 1.392037868499755859e-01
6.474415212869644165e-02 1.391966640949249268e-01
6.474380940198898315e-02 1.391896456480026245e-01
6.474347412586212158e-02 1.391825228929519653e-01
6.474312394857406616e-02 1.391754895448684692e-01
6.474275887012481689e-02 1.391685307025909424e-01
6.474241614341735840e-02 1.391615569591522217e-01
6.474205851554870605e-02 1.391545832157135010e-01
6.474171578884124756e-02 1.391476392745971680e-01
6.474135816097259521e-02 1.391407996416091919e-01
6.474100053310394287e-02 1.391338855028152466e-01
6.474065035581588745e-02 1.391270011663436890e-01
6.474032998085021973e-02 1.391201913356781006e-01
6.473997980356216431e-02 1.391133964061737061e-01
6.473962962627410889e-02 1.391065865755081177e-01
6.473927944898605347e-02 1.390998810529708862e-01
6.473892927169799805e-02 1.390930861234664917e-01
6.473858654499053955e-02 1.390864253044128418e-01
6.473825871944427490e-02 1.390797346830368042e-01
6.473790854215621948e-02 1.390730738639831543e-01
6.473755091428756714e-02 1.390664279460906982e-01
6.473723053932189941e-02 1.390597969293594360e-01
6.473688781261444092e-02 1.390532255172729492e-01
6.473653763532638550e-02 1.390466690063476562e-01
6.473618000745773315e-02 1.390400379896163940e-01
6.473584473133087158e-02 1.390335559844970703e-01
6.473549455404281616e-02 1.390270590782165527e-01
6.473516672849655151e-02 1.390206217765808105e-01
6.473481655120849609e-02 1.390141248703002930e-01
6.473449617624282837e-02 1.390076875686645508e-01
6.473414599895477295e-02 1.390013098716735840e-01
6.473377346992492676e-02 1.389949023723602295e-01
6.473347544670104980e-02 1.389885544776916504e-01
6.473311781883239746e-02 1.389822214841842651e-01
6.473278254270553589e-02 1.389759182929992676e-01
6.473244726657867432e-02 1.389695852994918823e-01
6.473210453987121582e-02 1.389632672071456909e-01
6.473174691200256348e-02 1.389570534229278564e-01
6.473143398761749268e-02 1.389507800340652466e-01
6.473110616207122803e-02 1.389446109533309937e-01
6.473076343536376953e-02 1.389383971691131592e-01
6.473042815923690796e-02 1.389322429895401001e-01
6.473008543252944946e-02 1.389261037111282349e-01
6.472975015640258789e-02 1.389200091361999512e-01
6.472941488027572632e-02 1.389138251543045044e-01
6.472907215356826782e-02 1.389077603816986084e-01
6.472875177860260010e-02 1.389016658067703247e-01
6.472840905189514160e-02 1.388956308364868164e-01
6.472808122634887695e-02 1.388896703720092773e-01
6.472775340080261230e-02 1.388836503028869629e-01
6.472741067409515381e-02 1.388776749372482300e-01
6.472706794738769531e-02 1.388716995716094971e-01
6.472674012184143066e-02 1.388657689094543457e-01
6.472638994455337524e-02 1.388598531484603882e-01
6.472608447074890137e-02 1.388539969921112061e-01
6.472574174404144287e-02 1.388480663299560547e-01
6.472541391849517822e-02 1.388422101736068726e-01
6.472507119178771973e-02 1.388363689184188843e-01
6.472477316856384277e-02 1.388306021690368652e-01
6.472442299127578735e-02 1.388247311115264893e-01
6.472408771514892578e-02 1.388190090656280518e-01
6.472375988960266113e-02 1.388133168220520020e-01
6.472340971231460571e-02 1.388075202703475952e-01
6.472308933734893799e-02 1.388017833232879639e-01
6.472276896238327026e-02 1.387960910797119141e-01
6.472243368625640869e-02 1.387904584407806396e-01
6.472211331129074097e-02 1.387847959995269775e-01
6.472177803516387939e-02 1.387791186571121216e-01
6.472145766019821167e-02 1.387735009193420410e-01
6.472112983465194702e-02 1.387678682804107666e-01
6.472079455852508545e-02 1.387623399496078491e-01
6.472045928239822388e-02 1.387567520141601562e-01
6.472013890743255615e-02 1.387512683868408203e-01
6.471979618072509766e-02 1.387457102537155151e-01
6.471947580575942993e-02 1.387402117252349854e-01
6.471914798021316528e-02 1.387347429990768433e-01
6.471882760524749756e-02 1.387292891740798950e-01
6.471848487854003906e-02 1.387238502502441406e-01
6.471817940473556519e-02 1.387184113264083862e-01
6.471785902976989746e-02 1.387129724025726318e-01
6.471752375364303589e-02 1.387075483798980713e-01
6.471720337867736816e-02 1.387021988630294800e-01
6.471686065196990967e-02 1.386968195438385010e-01
6.471655517816543579e-02 1.386915147304534912e-01
6.471623480319976807e-02 1.386861801147460938e-01
6.471589207649230957e-02 1.386808753013610840e-01
6.471557915210723877e-02 1.386756151914596558e-01
6.471525132656097412e-02 1.386703252792358398e-01
6.471493840217590332e-02 1.386650949716567993e-01
6.471458822488784790e-02 1.386599242687225342e-01
6.471426039934158325e-02 1.386546343564987183e-01
6.471396982669830322e-02 1.386494338512420654e-01
6.471361964941024780e-02 1.386442929506301880e-01
6.471330672502517700e-02 1.386391073465347290e-01
6.471297889947891235e-02 1.386339962482452393e-01
6.471265852451324463e-02 1.386288553476333618e-01
6.471234560012817383e-02 1.386237740516662598e-01
6.471201032400131226e-02 1.386186182498931885e-01
6.471168994903564453e-02 1.386135518550872803e-01
6.471136212348937988e-02 1.386085450649261475e-01
6.471103429794311523e-02 1.386035084724426270e-01
6.471070647239685059e-02 1.385984718799591064e-01
6.471039354801177979e-02 1.385934501886367798e-01
6.471007317304611206e-02 1.385885179042816162e-01
6.470976769924163818e-02 1.385834515094757080e-01
6.470942497253417969e-02 1.385785788297653198e-01
6.470911949872970581e-02 1.385735571384429932e-01
6.470879167318344116e-02 1.385687142610549927e-01
6.470847129821777344e-02 1.385637819766998291e-01
6.470815837383270264e-02 1.385589540004730225e-01
6.470784544944763184e-02 1.385540217161178589e-01
6.470751017332077026e-02 1.385492086410522461e-01
6.470718234777450562e-02 1.385443061590194702e-01
6.470689177513122559e-02 1.385395228862762451e-01
6.470655649900436401e-02 1.385347247123718262e-01
6.470625102519989014e-02 1.385299265384674072e-01
6.470590829849243164e-02 1.385251134634017944e-01
6.470561027526855469e-02 1.385203897953033447e-01
6.470528244972229004e-02 1.385156214237213135e-01
6.470496952533721924e-02 1.385109871625900269e-01
6.470464915037155151e-02 1.385062187910079956e-01
6.470433622598648071e-02 1.385014802217483521e-01
6.470400094985961914e-02 1.384968459606170654e-01
6.470369547605514526e-02 1.384922266006469727e-01
6.470337510108947754e-02 1.384875178337097168e-01
6.470305472612380981e-02 1.384829431772232056e-01
6.470271944999694824e-02 1.384782493114471436e-01
6.470242142677307129e-02 1.384737491607666016e-01
6.470209360122680664e-02 1.384691447019577026e-01
6.470178067684173584e-02 1.384645551443099976e-01
6.470146775245666504e-02 1.384600102901458740e-01
6.470115482807159424e-02 1.384555101394653320e-01
6.470083445310592651e-02 1.384509205818176270e-01
6.470051407814025879e-02 1.384464055299758911e-01
6.470021605491638184e-02 1.384419649839401245e-01
6.469986587762832642e-02 1.384374797344207764e-01
6.469956040382385254e-02 1.384329795837402344e-01
6.469924747943878174e-02 1.384285539388656616e-01
6.469891965389251709e-02 1.384240835905075073e-01
6.469862908124923706e-02 1.384197473526000977e-01
6.469832360744476318e-02 1.384153068065643311e-01
6.469798088073730469e-02 1.384108513593673706e-01
6.469768285751342773e-02 1.384064704179763794e-01
6.469736248254776001e-02 1.384021639823913574e-01
6.469704955816268921e-02 1.383978128433227539e-01
6.469672918319702148e-02 1.383934617042541504e-01
6.469641625881195068e-02 1.383892148733139038e-01
6.469609588384628296e-02 1.383848488330841064e-01
6.469579041004180908e-02 1.383805274963378906e-01
6.469547003507614136e-02 1.383763253688812256e-01
6.469514966011047363e-02 1.383720338344573975e-01
6.469482183456420898e-02 1.383677721023559570e-01
6.469452381134033203e-02 1.383635401725769043e-01
6.469419598579406738e-02 1.383593380451202393e-01
6.469389796257019043e-02 1.383551210165023804e-01
6.469357758760452271e-02 1.383508890867233276e-01
6.469326466321945190e-02 1.383467316627502441e-01
6.469295918941497803e-02 1.383425742387771606e-01
6.469265371561050415e-02 1.383384168148040771e-01
6.469233334064483643e-02 1.383343040943145752e-01
6.469200551509857178e-02 1.383301615715026855e-01
6.469169259071350098e-02 1.383260488510131836e-01
6.469139456748962402e-02 1.383219361305236816e-01
6.469106674194335938e-02 1.383178532123565674e-01
6.469076126813888550e-02 1.383138149976730347e-01
6.469044089317321777e-02 1.383097618818283081e-01
6.469013541936874390e-02 1.383056789636611938e-01
6.468983739614486694e-02 1.383016407489776611e-01
6.468953192234039307e-02 1.382976621389389038e-01
6.468920409679412842e-02 1.382936686277389526e-01
6.468889117240905762e-02 1.382896602153778076e-01
6.468857824802398682e-02 1.382856667041778564e-01
6.468825042247772217e-02 1.382817327976226807e-01
6.468794494867324829e-02 1.382777690887451172e-01
6.468763947486877441e-02 1.382738053798675537e-01
6.468731164932250977e-02 1.382698863744735718e-01
6.468699872493743896e-02 1.382660120725631714e-01
6.468670070171356201e-02 1.382621228694915771e-01
6.468638032674789429e-02 1.382581740617752075e-01
6.468608230352401733e-02 1.382543444633483887e-01
6.468575447797775269e-02 1.382504552602767944e-01
6.468546390533447266e-02 1.382465958595275879e-01
6.468515098094940186e-02 1.382427811622619629e-01
6.468483060598373413e-02 1.382389515638351440e-01
6.468451768159866333e-02 1.382350921630859375e-01
6.468421220779418945e-02 1.382313072681427002e-01
6.468389928340911865e-02 1.382275819778442383e-01
6.468358635902404785e-02 1.382237523794174194e-01
6.468327343463897705e-02 1.382199823856353760e-01
6.468296051025390625e-02 1.382162272930145264e-01
6.468264758586883545e-02 1.382125020027160645e-01
6.468235701322555542e-02 1.382087320089340210e-01
6.468202173709869385e-02 1.382050216197967529e-01
6.468172371387481689e-02 1.382013112306594849e-01
6.468139588832855225e-02 1.381976306438446045e-01
6.468111276626586914e-02 1.381939500570297241e-01
6.468077749013900757e-02 1.381903141736984253e-01
6.468048691749572754e-02 1.381866633892059326e-01
6.468015909194946289e-02 1.381830126047134399e-01
6.467986106872558594e-02 1.381793916225433350e-01
6.467954814434051514e-02 1.381757706403732300e-01
6.467923521995544434e-02 1.381721198558807373e-01
6.467892229557037354e-02 1.381685137748718262e-01
6.467862427234649658e-02 1.381649374961853027e-01
6.467829644680023193e-02 1.381613612174987793e-01
6.467799842357635498e-02 1.381577998399734497e-01
6.467767804861068726e-02 1.381542682647705078e-01
6.467737257480621338e-02 1.381507217884063721e-01
6.467705965042114258e-02 1.381471753120422363e-01
6.467675417661666870e-02 1.381435990333557129e-01
6.467644870281219482e-02 1.381401568651199341e-01
6.467614322900772095e-02 1.381366401910781860e-01
6.467582285404205322e-02 1.381331682205200195e-01
6.467550992965698242e-02 1.381296217441558838e-01
6.467520445585250854e-02 1.381261944770812988e-01
6.467491388320922852e-02 1.381226778030395508e-01
6.467459350824356079e-02 1.381192803382873535e-01
6.467427313327789307e-02 1.381158530712127686e-01
6.467396765947341919e-02 1.381124556064605713e-01
6.467366963624954224e-02 1.381090134382247925e-01
6.467336416244506836e-02 1.381055861711502075e-01
6.467305123805999756e-02 1.381022185087203979e-01
6.467273831367492676e-02 1.380988508462905884e-01
6.467244774103164673e-02 1.380954682826995850e-01
6.467211991548538208e-02 1.380920708179473877e-01
6.467182934284210205e-02 1.380887478590011597e-01
6.467150896787643433e-02 1.380854547023773193e-01
6.467119604349136353e-02 1.380820721387863159e-01
6.467088311910629272e-02 1.380788087844848633e-01
6.467057019472122192e-02 1.380754709243774414e-01
6.467026472091674805e-02 1.380721926689147949e-01
6.466996669769287109e-02 1.380688846111297607e-01
6.466964632272720337e-02 1.380656063556671143e-01
6.466932594776153564e-02 1.380623281002044678e-01
6.466902047395706177e-02 1.380590796470642090e-01
6.466872990131378174e-02 1.380558907985687256e-01
6.466841697692871094e-02 1.380526274442672729e-01
6.466809660196304321e-02 1.380494236946105957e-01
6.466779112815856934e-02 1.380461901426315308e-01
6.466747075319290161e-02 1.380429863929748535e-01
6.466715782880783081e-02 1.380397975444793701e-01
6.466685235500335693e-02 1.380365937948226929e-01
6.466656923294067383e-02 1.380333900451660156e-01
6.466626375913619995e-02 1.380303055047988892e-01
6.466594338417053223e-02 1.380271315574645996e-01
6.466564536094665527e-02 1.380239725112915039e-01
6.466532498598098755e-02 1.380208283662796021e-01
6.466503441333770752e-02 1.380177140235900879e-01
6.466472148895263672e-02 1.380145549774169922e-01
6.466441601514816284e-02 1.380114704370498657e-01
6.466410309076309204e-02 1.380083560943603516e-01
6.466379016637802124e-02 1.380052566528320312e-01
6.466348469257354736e-02 1.380022466182708740e-01
6.466317176818847656e-02 1.379991471767425537e-01
6.466285139322280884e-02 1.379961073398590088e-01
6.466256082057952881e-02 1.379930078983306885e-01
6.466224789619445801e-02 1.379899829626083374e-01
6.466193497180938721e-02 1.379869431257247925e-01
6.466162949800491333e-02 1.379839032888412476e-01
6.466132402420043945e-02 1.379809081554412842e-01
6.466101109981536865e-02 1.379778683185577393e-01
6.466072052717208862e-02 1.379749029874801636e-01
6.466039270162582397e-02 1.379719376564025879e-01
6.466008722782135010e-02 1.379689574241638184e-01
6.465978920459747314e-02 1.379659622907638550e-01
6.465949118137359619e-02 1.379630118608474731e-01
6.465917825698852539e-02 1.379600763320922852e-01
6.465889513492584229e-02 1.379571259021759033e-01
6.465855985879898071e-02 1.379541903734207153e-01
6.465825438499450684e-02 1.379513144493103027e-01
6.465794146060943604e-02 1.379484087228775024e-01
6.465762853622436523e-02 1.379454880952835083e-01
6.465733051300048828e-02 1.379425972700119019e-01
6.465700268745422363e-02 1.379396319389343262e-01
6.465670466423034668e-02 1.379368007183074951e-01
6.465640664100646973e-02 1.379339545965194702e-01
6.465612351894378662e-02 1.379310935735702515e-01
6.465578824281692505e-02 1.379282176494598389e-01
6.465546786785125732e-02 1.379254162311553955e-01
6.465518474578857422e-02 1.379224956035614014e-01
6.465487182140350342e-02 1.379196643829345703e-01
6.465455889701843262e-02 1.379168927669525146e-01
6.465424597263336182e-02 1.379140168428421021e-01
6.465394794940948486e-02 1.379112601280212402e-01
6.465362757444381714e-02 1.379084736108779907e-01
6.465335190296173096e-02 1.379056870937347412e-01
6.465300172567367554e-02 1.379028856754302979e-01
6.465272605419158936e-02 1.379000991582870483e-01
6.465240567922592163e-02 1.378973424434661865e-01
6.465208530426025391e-02 1.378946006298065186e-01
6.465180218219757080e-02 1.378918588161468506e-01
6.465147435665130615e-02 1.378891319036483765e-01
6.465116143226623535e-02 1.378863900899887085e-01
6.465086340904235840e-02 1.378836929798126221e-01
6.465055048465728760e-02 1.378809362649917603e-01
6.465025246143341064e-02 1.378782093524932861e-01
6.464994698762893677e-02 1.378755420446395874e-01
6.464962661266326904e-02 1.378728747367858887e-01
6.464932113885879517e-02 1.378701925277709961e-01
6.464903056621551514e-02 1.378674805164337158e-01
6.464871764183044434e-02 1.378648579120635986e-01
6.464841961860656738e-02 1.378621757030487061e-01
6.464809179306030273e-02 1.378595679998397827e-01
6.464779376983642578e-02 1.378569304943084717e-01
6.464746594429016113e-02 1.378542929887771606e-01
6.464718282222747803e-02 1.378516703844070435e-01
6.464686989784240723e-02 1.378490328788757324e-01
6.464656442403793335e-02 1.378464400768280029e-01
6.464627385139465332e-02 1.378438770771026611e-01
6.464593857526779175e-02 1.378412395715713501e-01
6.464564800262451172e-02 1.378386467695236206e-01
6.464532017707824707e-02 1.378360837697982788e-01
6.464502960443496704e-02 1.378334909677505493e-01
6.464472413063049316e-02 1.378309428691864014e-01
6.464441120624542236e-02 1.378283798694610596e-01
6.464409828186035156e-02 1.378258019685745239e-01
6.464380025863647461e-02 1.378232836723327637e-01
6.464347243309020996e-02 1.378207504749298096e-01
6.464317440986633301e-02 1.378182619810104370e-01
6.464288383722305298e-02 1.378157138824462891e-01
6.464256346225738525e-02 1.378132104873657227e-01
6.464225798845291138e-02 1.378107070922851562e-01
6.464194506406784058e-02 1.378081738948822021e-01
6.464163959026336670e-02 1.378057301044464111e-01
6.464133411645889282e-02 1.378032267093658447e-01
6.464103609323501587e-02 1.378007382154464722e-01
6.464071571826934814e-02 1.377982497215270996e-01
6.464041769504547119e-02 1.377958357334136963e-01
6.464011222124099731e-02 1.377933174371719360e-01
6.463980674743652344e-02 1.377909183502197266e-01
6.463949382305145264e-02 1.377884000539779663e-01
6.463918089866638184e-02 1.377860307693481445e-01
6.463886052370071411e-02 1.377835869789123535e-01
6.463856995105743408e-02 1.377811431884765625e-01
6.463826447725296021e-02 1.377787739038467407e-01
6.463795900344848633e-02 1.377763152122497559e-01
6.463764607906341553e-02 1.377739608287811279e-01
6.463734060525894165e-02 1.377715319395065308e-01
6.463704258203506470e-02 1.377691328525543213e-01
6.463672965764999390e-02 1.377668082714080811e-01
6.463641673326492310e-02 1.377643793821334839e-01
6.463611871004104614e-02 1.377620697021484375e-01
6.463579833507537842e-02 1.377597451210021973e-01
6.463548541069030762e-02 1.377572715282440186e-01
6.463518738746643066e-02 1.377550065517425537e-01
6.463487446308135986e-02 1.377526223659515381e-01
6.463456898927688599e-02 1.377502679824829102e-01
6.463425606489181519e-02 1.377480179071426392e-01
6.463396549224853516e-02 1.377456784248352051e-01
6.463363766670227051e-02 1.377433538436889648e-01
6.463332474231719971e-02 1.377410590648651123e-01
6.463302671909332275e-02 1.377388089895248413e-01
6.463272124528884888e-02 1.377364844083786011e-01
6.463243067264556885e-02 1.377341747283935547e-01
6.463211774826049805e-02 1.377318799495697021e-01
6.463180482387542725e-02 1.377295851707458496e-01
6.463149189949035645e-02 1.377273350954055786e-01
6.463119387626647949e-02 1.377251148223876953e-01
6.463088095188140869e-02 1.377228498458862305e-01
6.463058292865753174e-02 1.377205848693847656e-01
6.463024765253067017e-02 1.377182900905609131e-01
6.462994962930679321e-02 1.377160847187042236e-01
6.462965160608291626e-02 1.377138495445251465e-01
6.462933868169784546e-02 1.377116143703460693e-01
6.462903320789337158e-02 1.377094089984893799e-01
6.462872028350830078e-02 1.377071738243103027e-01
6.462839990854263306e-02 1.377049684524536133e-01
6.462810188531875610e-02 1.377028077840805054e-01
6.462778896093368530e-02 1.377005279064178467e-01
6.462748348712921143e-02 1.376983672380447388e-01
6.462719291448593140e-02 1.376961767673492432e-01
6.462687999010086060e-02 1.376939713954925537e-01
6.462655961513519287e-02 1.376918107271194458e-01
6.462626904249191284e-02 1.376896798610687256e-01
6.462594866752624512e-02 1.376874893903732300e-01
6.462563574314117432e-02 1.376853734254837036e-01
6.462533026933670044e-02 1.376832127571105957e-01
6.462503224611282349e-02 1.376810967922210693e-01
6.462469696998596191e-02 1.376789510250091553e-01
6.462441384792327881e-02 1.376768052577972412e-01
6.462408602237701416e-02 1.376747041940689087e-01
6.462378799915313721e-02 1.376725733280181885e-01
6.462347507476806641e-02 1.376704573631286621e-01
6.462316215038299561e-02 1.376683562994003296e-01
6.462284922599792480e-02 1.376662552356719971e-01
6.462255865335464478e-02 1.376641094684600830e-01
6.462224572896957397e-02 1.376621127128601074e-01
6.462194770574569702e-02 1.376600265502929688e-01
6.462164223194122314e-02 1.376578658819198608e-01
6.462132930755615234e-02 1.376558244228363037e-01
6.462100893259048462e-02 1.376537531614303589e-01
6.462070345878601074e-02 1.376517266035079956e-01
6.462039053440093994e-02 1.376496553421020508e-01
6.462009251117706299e-02 1.376475989818572998e-01
6.461976468563079834e-02 1.376455575227737427e-01
6.461946666240692139e-02 1.376435458660125732e-01
6.461915373802185059e-02 1.376415044069290161e-01
6.461884081363677979e-02 1.376394480466842651e-01
6.461852043867111206e-02 1.376374363899230957e-01
6.461822986602783203e-02 1.376354545354843140e-01
6.461791694164276123e-02 1.376334279775619507e-01
6.461759656667709351e-02 1.376314014196395874e-01
6.461730599403381348e-02 1.376293897628784180e-01
6.461700052022933960e-02 1.376273930072784424e-01
6.461669504642486572e-02 1.376254409551620483e-01
6.461638212203979492e-02 1.376234292984008789e-01
6.461608409881591797e-02 1.376214474439620972e-01
6.461575627326965332e-02 1.376194953918457031e-01
6.461544334888458252e-02 1.376174837350845337e-01
6.461514532566070557e-02 1.376155465841293335e-01
6.461483240127563477e-02 1.376135945320129395e-01
6.461451947689056396e-02 1.376116275787353516e-01
