7.793324440717697144e-02 8.451233059167861938e-02
7.710207998752593994e-02 8.348399400711059570e-02
7.677941024303436279e-02 8.282756805419921875e-02
7.656515389680862427e-02 8.232775330543518066e-02
7.637842744588851929e-02 8.190395683050155640e-02
7.619886845350265503e-02 8.152176439762115479e-02
7.602238655090332031e-02 8.116509765386581421e-02
7.584901154041290283e-02 8.082590997219085693e-02
7.567949593067169189e-02 8.049993216991424561e-02
7.551448792219161987e-02 8.018473535776138306e-02
7.535435259342193604e-02 7.987888902425765991e-02
7.519924640655517578e-02 7.958148419857025146e-02
7.504921406507492065e-02 7.929194718599319458e-02
7.490421831607818604e-02 7.900986820459365845e-02
7.476415485143661499e-02 7.873496413230895996e-02
7.462891191244125366e-02 7.846698164939880371e-02
7.449837028980255127e-02 7.820568978786468506e-02
7.437240332365036011e-02 7.795096933841705322e-02
7.425082474946975708e-02 7.770261168479919434e-02
7.413353025913238525e-02 7.746045291423797607e-02
7.402040064334869385e-02 7.722435891628265381e-02
7.391127198934555054e-02 7.699414342641830444e-02
7.380603253841400146e-02 7.676967978477478027e-02
7.370450347661972046e-02 7.655086368322372437e-02
7.360664010047912598e-02 7.633750140666961670e-02
7.351227104663848877e-02 7.612948864698410034e-02
7.342128455638885498e-02 7.592669874429702759e-02
7.333357632160186768e-02 7.572897523641586304e-02
7.324902713298797607e-02 7.553619146347045898e-02
7.316753268241882324e-02 7.534827291965484619e-02
7.308897376060485840e-02 7.516504824161529541e-02
7.301326096057891846e-02 7.498642802238464355e-02
7.294030487537384033e-02 7.481228560209274292e-02
7.286999374628067017e-02 7.464250177145004272e-02
7.280221581459045410e-02 7.447695732116699219e-02
7.273691892623901367e-02 7.431556284427642822e-02
7.267399132251739502e-02 7.415821403264999390e-02
7.261337339878082275e-02 7.400477677583694458e-02
7.255493104457855225e-02 7.385519891977310181e-02
7.249864190816879272e-02 7.370938360691070557e-02
7.244439423084259033e-02 7.356716692447662354e-02
7.239210605621337891e-02 7.342852652072906494e-02
7.234174758195877075e-02 7.329331338405609131e-02
7.229319214820861816e-02 7.316148281097412109e-02
7.224641740322113037e-02 7.303295284509658813e-02
7.220135629177093506e-02 7.290760427713394165e-02
7.215791940689086914e-02 7.278537750244140625e-02
7.211606949567794800e-02 7.266615331172943115e-02
7.207572460174560547e-02 7.254989445209503174e-02
7.203684002161026001e-02 7.243653386831283569e-02
7.199936360120773315e-02 7.232595980167388916e-02
7.196322828531265259e-02 7.221809774637222290e-02
7.192839682102203369e-02 7.211292535066604614e-02
7.189482450485229492e-02 7.201033830642700195e-02
7.186244428157806396e-02 7.191026210784912109e-02
7.183121144771575928e-02 7.181262969970703125e-02
7.180110365152359009e-02 7.171739637851715088e-02
7.177206128835678101e-02 7.162451744079589844e-02
7.174403965473175049e-02 7.153384387493133545e-02
7.171702384948730469e-02 7.144543528556823730e-02
7.169093191623687744e-02 7.135916501283645630e-02
7.166577875614166260e-02 7.127498090267181396e-02
7.164146751165390015e-02 7.119285315275192261e-02
7.161803543567657471e-02 7.111269980669021606e-02
7.159538567066192627e-02 7.103446871042251587e-02
7.157352566719055176e-02 7.095816731452941895e-02
7.155241072177886963e-02 7.088367640972137451e-02
7.153199613094329834e-02 7.081098854541778564e-02
7.151231169700622559e-02 7.073999941349029541e-02
7.149325311183929443e-02 7.067076116800308228e-02
7.147483527660369873e-02 7.060314714908599854e-02
7.145702093839645386e-02 7.053716480731964111e-02
7.143980264663696289e-02 7.047273218631744385e-02
7.142315804958343506e-02 7.040981948375701904e-02
7.140703499317169189e-02 7.034839689731597900e-02
7.139144837856292725e-02 7.028843462467193604e-02
7.137633115053176880e-02 7.022988796234130859e-02
7.136172056198120117e-02 7.017271220684051514e-02
7.134754955768585205e-02 7.011688500642776489e-02
7.133381813764572144e-02 7.006236165761947632e-02
7.132051140069961548e-02 7.000911235809326172e-02
7.130761444568634033e-02 6.995709240436553955e-02
7.129510492086410522e-02 6.990630924701690674e-02
7.128297537565231323e-02 6.985666602849960327e-02
7.127119600772857666e-02 6.980817019939422607e-02
7.125975936651229858e-02 6.976077705621719360e-02
7.124865055084228516e-02 6.971450895071029663e-02
7.123784720897674561e-02 6.966929137706756592e-02
7.122737169265747070e-02 6.962509453296661377e-02
7.121717184782028198e-02 6.958189606666564941e-02
7.120724767446517944e-02 6.953971087932586670e-02
7.119761407375335693e-02 6.949845701456069946e-02
7.118821144104003906e-02 6.945812702178955078e-02
7.117906957864761353e-02 6.941870599985122681e-02
7.117014378309249878e-02 6.938017904758453369e-02
7.116146385669708252e-02 6.934253126382827759e-02
7.115299999713897705e-02 6.930569559335708618e-02
7.114474475383758545e-02 6.926970183849334717e-02
7.113666832447052002e-02 6.923450529575347900e-02
7.112880796194076538e-02 6.920006871223449707e-02
7.112113386392593384e-02 6.916639953851699829e-02
7.111361622810363770e-02 6.913345307111740112e-02
7.110626995563507080e-02 6.910125911235809326e-02
7.109909504652023315e-02 6.906972825527191162e-02
7.109206914901733398e-02 6.903889030218124390e-02
7.108519971370697021e-02 6.900873780250549316e-02
7.107847183942794800e-02 6.897924840450286865e-02
7.107187807559967041e-02 6.895037740468978882e-02
7.106542587280273438e-02 6.892213225364685059e-02
7.105909287929534912e-02 6.889446079730987549e-02
7.105287164449691772e-02 6.886738538742065430e-02
7.104676961898803711e-02 6.884090602397918701e-02
7.104078680276870728e-02 6.881497055292129517e-02
7.103490084409713745e-02 6.878957897424697876e-02
7.102913409471511841e-02 6.876472383737564087e-02
7.102344930171966553e-02 6.874039769172668457e-02
7.101785391569137573e-02 6.871657818555831909e-02
7.101236283779144287e-02 6.869322806596755981e-02
7.100694626569747925e-02 6.867037713527679443e-02
7.100161910057067871e-02 6.864798814058303833e-02
7.099636644124984741e-02 6.862605363130569458e-02
7.099120318889617920e-02 6.860455125570297241e-02
7.098608464002609253e-02 6.858350336551666260e-02
7.098107039928436279e-02 6.856288015842437744e-02
7.097610086202621460e-02 6.854265183210372925e-02
7.097119837999343872e-02 6.852282583713531494e-02
7.096636295318603516e-02 6.850341707468032837e-02
7.096157222986221313e-02 6.848440319299697876e-02
7.095686346292495728e-02 6.846572458744049072e-02
7.095218449831008911e-02 6.844742596149444580e-02
7.094756513833999634e-02 6.842949241399765015e-02
7.094300538301467896e-02 6.841189414262771606e-02
7.093849033117294312e-02 6.839463859796524048e-02
7.093400508165359497e-02 6.837771832942962646e-02
7.092957198619842529e-02 6.836111843585968018e-02
7.092518359422683716e-02 6.834482401609420776e-02
7.092082500457763672e-02 6.832881271839141846e-02
7.091651856899261475e-02 6.831315159797668457e-02
7.091224193572998047e-02 6.829775124788284302e-02
7.090800255537033081e-02 6.828264892101287842e-02
7.090380042791366577e-02 6.826782226562500000e-02
7.089962065219879150e-02 6.825325638055801392e-02
7.089548557996749878e-02 6.823895871639251709e-02
7.089137285947799683e-02 6.822489947080612183e-02
7.088728249073028564e-02 6.821112334728240967e-02
7.088322192430496216e-02 6.819759309291839600e-02
7.087919116020202637e-02 6.818427145481109619e-02
7.087517529726028442e-02 6.817121058702468872e-02
7.087118178606033325e-02 6.815837323665618896e-02
7.086722552776336670e-02 6.814574450254440308e-02
7.086328417062759399e-02 6.813335418701171875e-02
7.085936516523361206e-02 6.812116503715515137e-02
7.085545361042022705e-02 6.810917705297470093e-02
7.085159420967102051e-02 6.809739768505096436e-02
7.084770500659942627e-02 6.808581203222274780e-02
7.084386050701141357e-02 6.807439029216766357e-02
7.084004580974578857e-02 6.806316971778869629e-02
7.083620876073837280e-02 6.805212795734405518e-02
7.083241641521453857e-02 6.804127991199493408e-02
7.082863152027130127e-02 6.803058832883834839e-02
7.082484662532806396e-02 6.802006810903549194e-02
7.082109898328781128e-02 6.800971925258636475e-02
7.081734389066696167e-02 6.799954175949096680e-02
7.081361114978790283e-02 6.798950582742691040e-02
7.080987095832824707e-02 6.797963380813598633e-02
7.080616056919097900e-02 6.796992570161819458e-02
7.080244272947311401e-02 6.796031445264816284e-02
7.079874724149703979e-02 6.795088201761245728e-02
7.079506665468215942e-02 6.794156134128570557e-02
7.079137116670608521e-02 6.793238967657089233e-02
7.078771293163299561e-02 6.792336702346801758e-02
7.078402489423751831e-02 6.791445612907409668e-02
7.078038156032562256e-02 6.790567934513092041e-02
7.077672332525253296e-02 6.789701431989669800e-02
7.077308744192123413e-02 6.788846105337142944e-02
7.076944410800933838e-02 6.788001954555511475e-02
7.076579332351684570e-02 6.787170469760894775e-02
7.076218724250793457e-02 6.786350905895233154e-02
7.075855135917663574e-02 6.785540282726287842e-02
7.075493037700653076e-02 6.784741580486297607e-02
7.075130939483642578e-02 6.783951818943023682e-02
7.074769586324691772e-02 6.783173978328704834e-02
7.074408978223800659e-02 6.782405078411102295e-02
7.074047625064849854e-02 6.781645119190216064e-02
7.073687016963958740e-02 6.780895590782165527e-02
7.073327153921127319e-02 6.780152022838592529e-02
7.072968035936355591e-02 6.779421120882034302e-02
7.072608172893524170e-02 6.778697669506072998e-02
7.072249054908752441e-02 6.777981668710708618e-02
7.071889191865921021e-02 6.777273863554000854e-02
7.071530818939208984e-02 6.776576489210128784e-02
7.071171700954437256e-02 6.775882840156555176e-02
7.070812582969665527e-02 6.775198876857757568e-02
7.070451974868774414e-02 6.774522364139556885e-02
7.070095092058181763e-02 6.773852556943893433e-02
7.069736719131469727e-02 6.773190200328826904e-02
7.069376856088638306e-02 6.772534549236297607e-02
7.069018483161926270e-02 6.771886348724365234e-02
7.068660110235214233e-02 6.771244853734970093e-02
7.068301737308502197e-02 6.770608574151992798e-02
7.067942619323730469e-02 6.769978255033493042e-02
7.067584991455078125e-02 6.769354641437530518e-02
7.067225873470306396e-02 6.768737733364105225e-02
7.066865265369415283e-02 6.768125295639038086e-02
7.066506892442703247e-02 6.767515838146209717e-02
7.066147774457931519e-02 6.766915321350097656e-02
7.065789401531219482e-02 6.766319274902343750e-02
7.065428793430328369e-02 6.765727698802947998e-02
7.065070420503616333e-02 6.765142083168029785e-02
7.064710557460784912e-02 6.764560192823410034e-02
7.064350694417953491e-02 6.763982772827148438e-02
7.063989341259002686e-02 6.763412058353424072e-02
7.063629478216171265e-02 6.762843579053878784e-02
7.063270360231399536e-02 6.762281805276870728e-02
7.062907516956329346e-02 6.761723011732101440e-02
7.062546908855438232e-02 6.761167198419570923e-02
7.062186300754547119e-02 6.760615855455398560e-02
7.061824947595596313e-02 6.760068237781524658e-02
7.061465084552764893e-02 6.759525835514068604e-02
7.061101496219635010e-02 6.758987158536911011e-02
7.060739398002624512e-02 6.758452951908111572e-02
7.060377299785614014e-02 6.757920235395431519e-02
7.060013711452484131e-02 6.757391989231109619e-02
7.059651613235473633e-02 6.756867468357086182e-02
7.059288024902343750e-02 6.756345182657241821e-02
7.058924436569213867e-02 6.755827367305755615e-02
7.058560848236083984e-02 6.755309551954269409e-02
7.058195769786834717e-02 6.754799187183380127e-02
7.057832181453704834e-02 6.754288077354431152e-02
7.057467103004455566e-02 6.753782182931900024e-02
7.057102024555206299e-02 6.753277033567428589e-02
7.056735455989837646e-02 6.752775609493255615e-02
7.056371122598648071e-02 6.752274930477142334e-02
7.056003808975219727e-02 6.751778721809387207e-02
7.055637240409851074e-02 6.751285493373870850e-02
7.055270671844482422e-02 6.750791519880294800e-02
7.054901868104934692e-02 6.750304251909255981e-02
7.054534554481506348e-02 6.749816983938217163e-02
7.054167240858078003e-02 6.749331951141357422e-02
7.053799927234649658e-02 6.748850643634796143e-02
7.053428888320922852e-02 6.748367846012115479e-02
7.053059339523315430e-02 6.747888773679733276e-02
7.052690535783767700e-02 6.747414171695709229e-02
7.052320986986160278e-02 6.746933609247207642e-02
7.051949203014373779e-02 6.746460497379302979e-02
7.051578164100646973e-02 6.745991855859756470e-02
7.051207870244979858e-02 6.745522469282150269e-02
7.050834596157073975e-02 6.745053082704544067e-02
7.050462067127227783e-02 6.744587421417236328e-02
7.050090283155441284e-02 6.744121015071868896e-02
7.049717009067535400e-02 6.743653863668441772e-02
7.049342989921569824e-02 6.743192672729492188e-02
7.048968970775604248e-02 6.742732226848602295e-02
7.048593461513519287e-02 6.742272526025772095e-02
7.048217952251434326e-02 6.741811335086822510e-02
7.047843933105468750e-02 6.741358339786529541e-02
7.047466188669204712e-02 6.740900874137878418e-02
7.047091424465179443e-02 6.740446388721466064e-02
7.046712934970855713e-02 6.739993393421173096e-02
7.046335935592651367e-02 6.739538908004760742e-02
7.045958191156387329e-02 6.739088147878646851e-02
7.045580446720123291e-02 6.738637387752532959e-02
7.045199722051620483e-02 6.738187372684478760e-02
7.044821232557296753e-02 6.737735867500305176e-02
7.044440507888793945e-02 6.737290322780609131e-02
7.044060528278350830e-02 6.736843287944793701e-02
7.043681293725967407e-02 6.736396253108978271e-02
7.043299078941345215e-02 6.735951453447341919e-02
7.042917609214782715e-02 6.735506653785705566e-02
7.042534649372100830e-02 6.735062599182128906e-02
7.042151689529418945e-02 6.734620034694671631e-02
7.041768729686737061e-02 6.734177470207214355e-02
7.041385024785995483e-02 6.733736395835876465e-02
7.040999829769134521e-02 6.733294576406478882e-02
7.040616124868392944e-02 6.732852756977081299e-02
7.040230184793472290e-02 6.732411682605743408e-02
7.039843499660491943e-02 6.731972098350524902e-02
7.039456069469451904e-02 6.731533259153366089e-02
7.039070874452590942e-02 6.731092184782028198e-02
7.038682699203491211e-02 6.730654835700988770e-02
7.038294523954391479e-02 6.730215251445770264e-02
7.037904858589172363e-02 6.729779392480850220e-02
7.037515938282012939e-02 6.729342043399810791e-02
7.037125527858734131e-02 6.728905439376831055e-02
7.036735117435455322e-02 6.728469580411911011e-02
7.036345452070236206e-02 6.728032976388931274e-02
7.035954296588897705e-02 6.727595627307891846e-02
7.035560905933380127e-02 6.727160513401031494e-02
7.035169005393981934e-02 6.726723909378051758e-02
7.034776359796524048e-02 6.726290285587310791e-02
7.034381479024887085e-02 6.725853681564331055e-02
7.033988088369369507e-02 6.725417077541351318e-02
7.033593207597732544e-02 6.724981963634490967e-02
7.033196836709976196e-02 6.724546104669570923e-02
7.032801955938339233e-02 6.724110990762710571e-02
7.032404839992523193e-02 6.723677366971969604e-02
7.032006978988647461e-02 6.723241508007049561e-02
7.031609863042831421e-02 6.722806394100189209e-02
7.031212002038955688e-02 6.722373515367507935e-02
7.030813395977020264e-02 6.721937656402587891e-02
7.030411809682846069e-02 6.721504777669906616e-02
7.030013203620910645e-02 6.721071898937225342e-02
7.029612362384796143e-02 6.720636039972305298e-02
7.029211521148681641e-02 6.720200926065444946e-02
7.028809934854507446e-02 6.719765812158584595e-02
7.028408348560333252e-02 6.719332933425903320e-02
7.028004527091979980e-02 6.718896329402923584e-02
7.027600705623626709e-02 6.718462705612182617e-02
7.027196139097213745e-02 6.718027591705322266e-02
7.026792317628860474e-02 6.717592477798461914e-02
7.026387006044387817e-02 6.717155873775482178e-02
7.025980204343795776e-02 6.716717779636383057e-02
7.025574147701263428e-02 6.716282665729522705e-02
7.025168091058731079e-02 6.715846806764602661e-02
7.024758309125900269e-02 6.715412437915802002e-02
7.024350017309188843e-02 6.714976578950881958e-02
7.023940980434417725e-02 6.714540719985961914e-02
7.023530453443527222e-02 6.714104115962982178e-02
7.023119926452636719e-02 6.713667511940002441e-02
7.022710144519805908e-02 6.713230162858963013e-02
7.022298127412796021e-02 6.712790578603744507e-02
7.021886110305786133e-02 6.712355464696884155e-02
7.021473348140716553e-02 6.711917370557785034e-02
7.021059840917587280e-02 6.711479276418685913e-02
7.020644843578338623e-02 6.711039692163467407e-02
7.020230591297149658e-02 6.710603088140487671e-02
7.019816339015960693e-02 6.710162758827209473e-02
7.019401341676712036e-02 6.709718704223632812e-02
7.018984854221343994e-02 6.709279865026473999e-02
7.018566876649856567e-02 6.708840280771255493e-02
7.018148154020309448e-02 6.708401441574096680e-02
7.017730921506881714e-02 6.707961112260818481e-02
7.017312198877334595e-02 6.707520782947540283e-02
7.016891986131668091e-02 6.707078218460083008e-02
7.016471028327941895e-02 6.706635653972625732e-02
7.016050070524215698e-02 6.706194579601287842e-02
7.015627622604370117e-02 6.705751270055770874e-02
7.015205919742584229e-02 6.705307960510253906e-02
7.014782726764678955e-02 6.704864650964736938e-02
7.014358788728713989e-02 6.704419106245040894e-02
7.013934105634689331e-02 6.703976541757583618e-02
7.013510167598724365e-02 6.703530251979827881e-02
7.013083994388580322e-02 6.703084707260131836e-02
7.012657821178436279e-02 6.702639162540435791e-02
7.012230157852172852e-02 6.702192872762680054e-02
7.011803239583969116e-02 6.701748073101043701e-02
7.011374831199645996e-02 6.701298803091049194e-02
7.010946422815322876e-02 6.700850278139114380e-02
7.010515034198760986e-02 6.700402498245239258e-02
7.010085880756378174e-02 6.699953228235244751e-02
7.009655237197875977e-02 6.699503213167190552e-02
7.009223848581314087e-02 6.699053943157196045e-02
7.008791714906692505e-02 6.698604673147201538e-02
7.008357346057891846e-02 6.698153913021087646e-02
7.007925212383270264e-02 6.697700917720794678e-02
7.007490098476409912e-02 6.697251647710800171e-02
7.007054239511489868e-02 6.696798652410507202e-02
7.006618380546569824e-02 6.696344912052154541e-02
7.006182521581649780e-02 6.695891916751861572e-02
7.005746662616729736e-02 6.695437431335449219e-02
7.005308568477630615e-02 6.694985926151275635e-02
7.004868984222412109e-02 6.694527715444564819e-02
7.004430890083312988e-02 6.694074720144271851e-02
7.003991305828094482e-02 6.693617254495620728e-02
7.003549486398696899e-02 6.693162024021148682e-02
7.003106921911239624e-02 6.692705303430557251e-02
7.002667337656021118e-02 6.692248582839965820e-02
7.002224773168563843e-02 6.691789627075195312e-02
7.001780718564987183e-02 6.691330671310424805e-02
7.001338154077529907e-02 6.690870225429534912e-02
7.000892609357833862e-02 6.690410524606704712e-02
7.000447809696197510e-02 6.689951568841934204e-02
7.000000029802322388e-02 6.689489632844924927e-02
6.999553740024566650e-02 6.689027696847915649e-02
6.999106705188751221e-02 6.688565015792846680e-02
6.998658180236816406e-02 6.688098609447479248e-02
6.998209655284881592e-02 6.687637418508529663e-02
6.997759640216827393e-02 6.687174737453460693e-02
6.997309625148773193e-02 6.686709821224212646e-02
6.996858865022659302e-02 6.686243414878845215e-02
6.996406614780426025e-02 6.685777753591537476e-02
6.995952874422073364e-02 6.685309857130050659e-02
6.995500624179840088e-02 6.684844195842742920e-02
6.995046883821487427e-02 6.684374809265136719e-02
6.994591653347015381e-02 6.683907657861709595e-02
6.994136422872543335e-02 6.683436036109924316e-02
6.993679702281951904e-02 6.682965904474258423e-02
6.993223726749420166e-02 6.682493537664413452e-02
6.992766261100769043e-02 6.682021915912628174e-02
6.992307305335998535e-02 6.681548804044723511e-02
6.991847604513168335e-02 6.681079417467117310e-02
6.991388648748397827e-02 6.680604815483093262e-02
6.990928947925567627e-02 6.680130958557128906e-02
6.990467756986618042e-02 6.679657101631164551e-02
6.990005075931549072e-02 6.679180264472961426e-02
6.989542394876480103e-02 6.678703427314758301e-02
6.989078223705291748e-02 6.678224354982376099e-02
6.988614797592163086e-02 6.677748262882232666e-02
6.988149136304855347e-02 6.677268445491790771e-02
6.987683475017547607e-02 6.676792353391647339e-02
6.987217813730239868e-02 6.676313281059265137e-02
6.986749917268753052e-02 6.675831973552703857e-02
6.986282020807266235e-02 6.675352901220321655e-02
6.985814124345779419e-02 6.674870848655700684e-02
6.985344737768173218e-02 6.674388051033020020e-02
6.984873116016387939e-02 6.673903018236160278e-02
6.984402984380722046e-02 6.673420965671539307e-02
6.983929872512817383e-02 6.672935187816619873e-02
6.983458250761032104e-02 6.672451645135879517e-02
6.982985138893127441e-02 6.671963632106781006e-02
6.982511281967163086e-02 6.671477109193801880e-02
6.982035934925079346e-02 6.670989841222763062e-02
6.981561332941055298e-02 6.670499593019485474e-02
6.981084495782852173e-02 6.670010089874267578e-02
6.980607658624649048e-02 6.669521331787109375e-02
6.980128586292266846e-02 6.669031083583831787e-02
6.979651749134063721e-02 6.668541580438613892e-02
6.979171931743621826e-02 6.668047606945037842e-02
6.978690624237060547e-02 6.667555868625640869e-02
6.978210061788558960e-02 6.667062640190124512e-02
6.977728009223937988e-02 6.666569411754608154e-02
6.977245956659317017e-02 6.666074693202972412e-02
6.976760923862457275e-02 6.665579229593276978e-02
6.976278871297836304e-02 6.665083020925521851e-02
6.975792348384857178e-02 6.664584577083587646e-02
6.975308060646057129e-02 6.664086878299713135e-02
6.974820792675018311e-02 6.663588434457778931e-02
6.974333524703979492e-02 6.663088500499725342e-02
6.973845511674880981e-02 6.662587821483612061e-02
6.973356753587722778e-02 6.662085652351379395e-02
6.972867250442504883e-02 6.661585718393325806e-02
6.972377002239227295e-02 6.661081314086914062e-02
6.971886754035949707e-02 6.660579144954681396e-02
6.971393525600433350e-02 6.660078465938568115e-02
6.970901042222976685e-02 6.659574806690216064e-02
6.970407813787460327e-02 6.659067422151565552e-02
6.969912350177764893e-02 6.658560782670974731e-02
6.969417631626129150e-02 6.658051908016204834e-02
6.968922168016433716e-02 6.657544523477554321e-02
6.968425959348678589e-02 6.657037138938903809e-02
6.967928260564804077e-02 6.656526774168014526e-02
6.967429816722869873e-02 6.656016409397125244e-02
6.966929137706756592e-02 6.655506044626235962e-02
6.966429203748703003e-02 6.654996424913406372e-02
6.965929269790649414e-02 6.654480099678039551e-02
6.965427100658416748e-02 6.653968244791030884e-02
6.964924186468124390e-02 6.653452664613723755e-02
6.964420527219772339e-02 6.652937829494476318e-02
6.963917613029479980e-02 6.652424484491348267e-02
6.963410973548889160e-02 6.651905924081802368e-02
6.962905824184417725e-02 6.651390343904495239e-02
6.962399184703826904e-02 6.650872528553009033e-02
6.961892545223236084e-02 6.650350987911224365e-02
6.961382925510406494e-02 6.649830192327499390e-02
6.960874795913696289e-02 6.649307906627655029e-02
6.960364431142807007e-02 6.648786365985870361e-02
6.959854066371917725e-02 6.648266315460205078e-02
6.959341466426849365e-02 6.647740304470062256e-02
6.958829611539840698e-02 6.647219508886337280e-02
6.958316266536712646e-02 6.646693497896194458e-02
6.957802176475524902e-02 6.646166741847991943e-02
6.957285106182098389e-02 6.645641475915908813e-02
6.956770271062850952e-02 6.645113974809646606e-02
6.956254690885543823e-02 6.644586473703384399e-02
6.955735385417938232e-02 6.644058972597122192e-02
6.955219060182571411e-02 6.643528491258621216e-02
6.954699009656906128e-02 6.642995774745941162e-02
6.954177469015121460e-02 6.642466783523559570e-02
6.953657418489456177e-02 6.641931831836700439e-02
6.953136622905731201e-02 6.641399115324020386e-02
6.952613592147827148e-02 6.640866398811340332e-02
6.952089071273803711e-02 6.640329211950302124e-02
6.951564550399780273e-02 6.639797240495681763e-02
6.951038539409637451e-02 6.639255583286285400e-02
6.950512528419494629e-02 6.638720631599426270e-02
6.949986517429351807e-02 6.638183444738388062e-02
6.949458271265029907e-02 6.637644767761230469e-02
6.948928534984588623e-02 6.637106090784072876e-02
6.948401033878326416e-02 6.636564433574676514e-02
6.947870552539825439e-02 6.636021286249160767e-02
6.947338581085205078e-02 6.635477393865585327e-02
6.946806609630584717e-02 6.634934246540069580e-02
6.946272403001785278e-02 6.634390354156494141e-02
6.945738941431045532e-02 6.633843481540679932e-02
6.945203989744186401e-02 6.633298844099044800e-02
6.944669038057327271e-02 6.632752716541290283e-02
6.944130361080169678e-02 6.632204353809356689e-02
6.943592429161071777e-02 6.631656736135482788e-02
6.943054497241973877e-02 6.631106883287429810e-02
6.942515075206756592e-02 6.630556285381317139e-02
6.941975653171539307e-02 6.630004197359085083e-02
6.941433995962142944e-02 6.629453599452972412e-02
6.940893828868865967e-02 6.628899276256561279e-02
6.940349936485290527e-02 6.628344208002090454e-02
6.939806044101715088e-02 6.627788394689559937e-02
6.939260661602020264e-02 6.627234816551208496e-02
6.938715279102325439e-02 6.626677513122558594e-02
6.938169151544570923e-02 6.626120954751968384e-02
6.937621533870697021e-02 6.625563651323318481e-02
6.937073171138763428e-02 6.625001132488250732e-02
6.936523318290710449e-02 6.624440103769302368e-02
6.935972720384597778e-02 6.623879820108413696e-02
6.935422122478485107e-02 6.623317301273345947e-02
6.934870779514312744e-02 6.622757017612457275e-02
6.934316456317901611e-02 6.622193008661270142e-02
6.933762878179550171e-02 6.621627509593963623e-02
6.933209300041198730e-02 6.621062755584716797e-02
6.932654231786727905e-02 6.620493531227111816e-02
6.932096928358078003e-02 6.619923561811447144e-02
6.931541115045547485e-02 6.619353592395782471e-02
6.930981576442718506e-02 6.618784368038177490e-02
6.930422782897949219e-02 6.618215888738632202e-02
6.929861754179000854e-02 6.617647409439086914e-02
6.929300725460052490e-02 6.617073714733123779e-02
6.928738206624984741e-02 6.616500020027160645e-02
6.928175687789916992e-02 6.615926325321197510e-02
6.927610933780670166e-02 6.615352630615234375e-02
6.927046179771423340e-02 6.614774465560913086e-02
6.926479190587997437e-02 6.614198535680770874e-02
6.925912201404571533e-02 6.613621115684509277e-02
6.925345957279205322e-02 6.613042205572128296e-02
6.924776732921600342e-02 6.612461805343627930e-02
6.924207508563995361e-02 6.611881405115127563e-02
6.923636794090270996e-02 6.611301004886627197e-02
6.923064589500427246e-02 6.610717624425888062e-02
6.922491639852523804e-02 6.610132753849029541e-02
6.921918690204620361e-02 6.609548628330230713e-02
6.921343505382537842e-02 6.608963757753372192e-02
6.920769065618515015e-02 6.608377397060394287e-02
6.920193135738372803e-02 6.607791036367416382e-02
6.919614970684051514e-02 6.607200950384140015e-02
6.919037550687789917e-02 6.606615334749221802e-02
6.918457150459289551e-02 6.606024503707885742e-02
6.917878240346908569e-02 6.605434417724609375e-02
6.917296350002288818e-02 6.604840606451034546e-02
6.916715204715728760e-02 6.604248285293579102e-02
6.916132569313049316e-02 6.603653728961944580e-02
6.915548443794250488e-02 6.603057682514190674e-02
6.914962828159332275e-02 6.602463871240615845e-02
6.914376467466354370e-02 6.601867824792861938e-02
6.913788616657257080e-02 6.601269543170928955e-02
6.913201510906219482e-02 6.600670516490936279e-02
6.912611424922943115e-02 6.600068509578704834e-02
6.912023574113845825e-02 6.599467992782592773e-02
6.911432743072509766e-02 6.598866730928421021e-02
6.910841166973114014e-02 6.598264724016189575e-02
6.910247355699539185e-02 6.597660481929779053e-02
6.909652054309844971e-02 6.597055494785308838e-02
6.909057497978210449e-02 6.596449762582778931e-02
6.908462941646575928e-02 6.595842540264129639e-02
6.907864660024642944e-02 6.595236063003540039e-02
6.907266378402709961e-02 6.594627350568771362e-02
6.906668841838836670e-02 6.594018638134002686e-02
6.906067579984664917e-02 6.593407690525054932e-02
6.905467808246612549e-02 6.592793017625808716e-02
6.904865801334381104e-02 6.592179834842681885e-02
6.904263049364089966e-02 6.591568142175674438e-02
6.903658807277679443e-02 6.590954214334487915e-02
6.903053820133209229e-02 6.590335816144943237e-02
6.902447342872619629e-02 6.589721143245697021e-02
6.901840865612030029e-02 6.589104980230331421e-02
6.901232898235321045e-02 6.588487327098846436e-02
6.900624185800552368e-02 6.587865948677062988e-02
6.900013983249664307e-02 6.587243825197219849e-02
6.899403035640716553e-02 6.586621701717376709e-02
6.898791342973709106e-02 6.585998833179473877e-02
6.898175925016403198e-02 6.585375964641571045e-02
6.897562742233276367e-02 6.584750115871429443e-02
6.896947324275970459e-02 6.584125757217407227e-02
6.896330416202545166e-02 6.583498418331146240e-02
6.895714253187179565e-02 6.582869589328765869e-02
6.895097345113754272e-02 6.582240760326385498e-02
6.894477456808090210e-02 6.581608951091766357e-02
6.893856823444366455e-02 6.580977886915206909e-02
6.893234699964523315e-02 6.580345332622528076e-02
6.892612576484680176e-02 6.579711288213729858e-02
6.891988217830657959e-02 6.579078733921051025e-02
6.891363859176635742e-02 6.578443199396133423e-02
6.890738755464553833e-02 6.577805429697036743e-02
6.890111416578292847e-02 6.577170640230178833e-02
6.889484822750091553e-02 6.576531380414962769e-02
6.888855248689651489e-02 6.575890630483627319e-02
6.888227164745330811e-02 6.575249880552291870e-02
6.887593865394592285e-02 6.574608385562896729e-02
6.886962801218032837e-02 6.573969870805740356e-02
6.886328756809234619e-02 6.573326885700225830e-02
6.885695457458496094e-02 6.572680175304412842e-02
6.885059177875518799e-02 6.572034955024719238e-02
6.884424388408660889e-02 6.571386754512786865e-02
6.883787363767623901e-02 6.570738554000854492e-02
6.883148849010467529e-02 6.570089608430862427e-02
6.882508844137191772e-02 6.569440662860870361e-02
6.881868094205856323e-02 6.568789482116699219e-02
6.881226599216461182e-02 6.568138301372528076e-02
6.880583614110946655e-02 6.567485630512237549e-02
6.879940629005432129e-02 6.566832214593887329e-02
6.879295408725738525e-02 6.566174328327178955e-02
6.878650188446044922e-02 6.565515697002410889e-02
6.878003478050231934e-02 6.564857810735702515e-02
6.877354532480239868e-02 6.564198434352874756e-02
6.876705586910247803e-02 6.563538312911987305e-02
6.876055896282196045e-02 6.562878191471099854e-02
6.875403225421905518e-02 6.562215834856033325e-02
6.874749809503555298e-02 6.561555713415145874e-02
6.874096393585205078e-02 6.560889631509780884e-02
6.873442232608795166e-02 6.560226529836654663e-02
6.872785836458206177e-02 6.559560447931289673e-02
6.872129440307617188e-02 6.558891385793685913e-02
6.871471554040908813e-02 6.558223068714141846e-02
6.870811432600021362e-02 6.557555496692657471e-02
6.870152056217193604e-02 6.556882709264755249e-02
6.869491189718246460e-02 6.556211411952972412e-02
6.868829578161239624e-02 6.555537879467010498e-02
6.868164241313934326e-02 6.554865092039108276e-02
6.867500394582748413e-02 6.554190069437026978e-02
6.866835057735443115e-02 6.553511321544647217e-02
6.866168230772018433e-02 6.552834808826446533e-02
6.865499913692474365e-02 6.552158296108245850e-02
6.864829361438751221e-02 6.551478058099746704e-02
6.864159554243087769e-02 6.550797820091247559e-02
6.863488256931304932e-02 6.550115346908569336e-02
6.862814724445343018e-02 6.549433618783950806e-02
6.862141191959381104e-02 6.548748910427093506e-02
6.861467659473419189e-02 6.548062711954116821e-02
6.860789656639099121e-02 6.547376513481140137e-02
6.860113143920898438e-02 6.546689569950103760e-02
6.859434396028518677e-02 6.545999646186828613e-02
6.858755648136138916e-02 6.545309722423553467e-02
6.858076155185699463e-02 6.544618308544158936e-02
6.857392936944961548e-02 6.543925404548645020e-02
6.856710463762283325e-02 6.543231755495071411e-02
6.856027990579605103e-02 6.542538851499557495e-02
6.855341047048568726e-02 6.541843712329864502e-02
6.854654848575592041e-02 6.541146337985992432e-02
6.853967905044555664e-02 6.540450453758239746e-02
6.853277981281280518e-02 6.539750099182128906e-02
6.852588802576065063e-02 6.539048999547958374e-02
6.851896643638610840e-02 6.538348644971847534e-02
6.851205229759216309e-02 6.537646800279617310e-02
6.850511580705642700e-02 6.536941975355148315e-02
6.849817931652069092e-02 6.536237150430679321e-02
6.849120557308197021e-02 6.535530090332031250e-02
6.848423928022384644e-02 6.534825265407562256e-02
6.847725063562393188e-02 6.534116715192794800e-02
6.847026199102401733e-02 6.533408164978027344e-02
6.846325099468231201e-02 6.532697379589080811e-02
6.845623254776000977e-02 6.531987339258193970e-02
6.844920665025711060e-02 6.531270593404769897e-02
6.844217330217361450e-02 6.530557572841644287e-02
6.843511760234832764e-02 6.529843807220458984e-02
6.842805445194244385e-02 6.529127806425094604e-02
6.842097640037536621e-02 6.528408825397491455e-02
6.841389089822769165e-02 6.527689844369888306e-02
6.840677559375762939e-02 6.526971608400344849e-02
6.839966773986816406e-02 6.526249647140502930e-02
6.839255243539810181e-02 6.525526940822601318e-02
6.838540732860565186e-02 6.524804979562759399e-02
6.837825477123260498e-02 6.524082273244857788e-02
6.837109476327896118e-02 6.523353606462478638e-02
6.836392730474472046e-02 6.522627174854278564e-02
6.835674494504928589e-02 6.521897017955780029e-02
6.834954768419265747e-02 6.521169841289520264e-02
6.834234297275543213e-02 6.520438194274902344e-02
6.833512336015701294e-02 6.519703567028045654e-02
6.832788884639739990e-02 6.518971920013427734e-02
6.832061707973480225e-02 6.518238037824630737e-02
6.831336766481399536e-02 6.517503410577774048e-02
6.830610334873199463e-02 6.516765058040618896e-02
6.829881668090820312e-02 6.516027450561523438e-02
6.829151511192321777e-02 6.515289098024368286e-02
6.828422844409942627e-02 6.514544785022735596e-02
6.827688962221145630e-02 6.513804197311401367e-02
6.826955825090408325e-02 6.513060629367828369e-02
6.826220452785491943e-02 6.512315571308135986e-02
6.825485825538635254e-02 6.511570513248443604e-02
6.824747473001480103e-02 6.510822474956512451e-02
6.824009865522384644e-02 6.510074436664581299e-02
6.823269277811050415e-02 6.509326398372650146e-02
6.822530180215835571e-02 6.508576869964599609e-02
6.821787357330322266e-02 6.507825106382369995e-02
6.821044534444808960e-02 6.507071852684020996e-02
6.820298731327056885e-02 6.506317853927612305e-02
6.819552183151245117e-02 6.505562365055084229e-02
6.818806380033493042e-02 6.504808366298675537e-02
6.818057596683502197e-02 6.504050642251968384e-02
6.817307323217391968e-02 6.503288447856903076e-02
6.816555559635162354e-02 6.502527743577957153e-02
6.815805286169052124e-02 6.501767039299011230e-02
6.815049797296524048e-02 6.501002609729766846e-02
6.814297288656234741e-02 6.500239670276641846e-02
6.813541054725646973e-02 6.499475240707397461e-02
6.812782585620880127e-02 6.498704850673675537e-02
6.812023371458053589e-02 6.497938930988311768e-02
6.811263412237167358e-02 6.497168540954589844e-02
6.810503453016281128e-02 6.496398150920867920e-02
6.809739768505096436e-02 6.495625525712966919e-02
6.808976829051971436e-02 6.494852900505065918e-02
6.808210909366607666e-02 6.494078040122985840e-02
6.807444989681243896e-02 6.493302434682846069e-02
6.806676089763641357e-02 6.492526829242706299e-02
6.805907934904098511e-02 6.491746753454208374e-02
6.805138289928436279e-02 6.490968912839889526e-02
6.804364919662475586e-02 6.490187346935272217e-02
6.803593784570693970e-02 6.489406526088714600e-02
6.802818924188613892e-02 6.488621234893798828e-02
6.802043318748474121e-02 6.487837433815002441e-02
6.801266223192214966e-02 6.487052887678146362e-02
6.800487637519836426e-02 6.486265361309051514e-02
6.799708306789398193e-02 6.485477089881896973e-02
6.798927485942840576e-02 6.484685838222503662e-02
6.798145174980163574e-02 6.483893096446990967e-02
6.797361373901367188e-02 6.483101099729537964e-02
6.796576082706451416e-02 6.482306122779846191e-02
6.795789301395416260e-02 6.481514126062393188e-02
6.795002520084381104e-02 6.480719149112701416e-02
6.794212758541107178e-02 6.479921191930770874e-02
6.793422996997833252e-02 6.479120254516601562e-02
6.792631000280380249e-02 6.478320807218551636e-02
6.791837513446807861e-02 6.477521359920501709e-02
6.791044026613235474e-02 6.476716697216033936e-02
6.790247559547424316e-02 6.475912779569625854e-02
6.789451092481613159e-02 6.475105881690979004e-02
6.788652390241622925e-02 6.474299728870391846e-02
6.787852942943572998e-02 6.473490595817565918e-02
6.787051260471343994e-02 6.472679972648620605e-02
6.786249577999114990e-02 6.471868604421615601e-02
6.785444915294647217e-02 6.471057236194610596e-02
6.784639507532119751e-02 6.470243632793426514e-02
6.783832609653472900e-02 6.469430029392242432e-02
6.783024221658706665e-02 6.468613445758819580e-02
6.782215088605880737e-02 6.467793136835098267e-02
6.781404465436935425e-02 6.466974318027496338e-02
6.780591607093811035e-02 6.466154009103775024e-02
6.779778748750686646e-02 6.465331465005874634e-02
6.778962910175323486e-02 6.464509665966033936e-02
6.778147816658020020e-02 6.463684141635894775e-02
6.777329742908477783e-02 6.462858617305755615e-02
6.776510179042816162e-02 6.462030112743377686e-02
6.775689870119094849e-02 6.461203098297119141e-02
6.774868071079254150e-02 6.460370868444442749e-02
6.774044036865234375e-02 6.459540128707885742e-02
6.773220747709274292e-02 6.458707153797149658e-02
6.772393733263015747e-02 6.457875669002532959e-02
6.771565973758697510e-02 6.457039713859558105e-02
6.770737469196319580e-02 6.456202268600463867e-02
6.769905984401702881e-02 6.455364078283309937e-02
6.769073754549026489e-02 6.454525142908096313e-02
6.768241524696350098e-02 6.453683227300643921e-02
6.767408549785614014e-02 6.452841311693191528e-02
6.766571104526519775e-02 6.451995670795440674e-02
6.765734404325485229e-02 6.451153010129928589e-02
6.764893978834152222e-02 6.450305879116058350e-02
6.764055043458938599e-02 6.449458003044128418e-02
6.763213127851486206e-02 6.448609381914138794e-02
6.762368977069854736e-02 6.447756290435791016e-02
6.761524081230163574e-02 6.446905434131622314e-02
6.760680675506591797e-02 6.446050852537155151e-02
6.759831309318542480e-02 6.445196270942687988e-02
6.758981198072433472e-02 6.444339454174041748e-02
6.758131831884384155e-02 6.443482637405395508e-02
6.757279485464096069e-02 6.442622095346450806e-02
6.756425648927688599e-02 6.441761553287506104e-02
6.755571067333221436e-02 6.440901011228561401e-02
6.754714250564575195e-02 6.440038979053497314e-02
6.753857433795928955e-02 6.439173221588134766e-02
6.752999126911163330e-02 6.438307464122772217e-02
6.752138584852218628e-02 6.437438726425170898e-02
6.751275062561035156e-02 6.436568498611450195e-02
6.750412285327911377e-02 6.435697525739669800e-02
6.749547272920608521e-02 6.434826552867889404e-02
6.748680025339126587e-02 6.433950364589691162e-02
6.747812777757644653e-02 6.433076411485671997e-02
6.746943295001983643e-02 6.432200223207473755e-02
6.746072322130203247e-02 6.431323289871215820e-02
6.745197623968124390e-02 6.430442631244659424e-02
6.744323670864105225e-02 6.429561227560043335e-02
6.743448972702026367e-02 6.428679078817367554e-02
6.742571294307708740e-02 6.427793204784393311e-02
6.741692870855331421e-02 6.426908075809478760e-02
6.740812957286834717e-02 6.426024436950683594e-02
6.739930063486099243e-02 6.425134837627410889e-02
6.739047169685363770e-02 6.424245983362197876e-02
6.738164275884628296e-02 6.423354148864746094e-02
6.737276166677474976e-02 6.422461569309234619e-02
6.736388057470321655e-02 6.421567499637603760e-02
6.735499948263168335e-02 6.420671194791793823e-02
6.734610348939895630e-02 6.419773399829864502e-02
6.733717024326324463e-02 6.418875604867935181e-02
6.732822954654693604e-02 6.417977064847946167e-02
6.731928884983062744e-02 6.417073309421539307e-02
6.731030344963073730e-02 6.416170299053192139e-02
6.730131804943084717e-02 6.415266543626785278e-02
6.729232519865036011e-02 6.414359807968139648e-02
6.728331744670867920e-02 6.413453817367553711e-02
6.727427244186401367e-02 6.412547081708908081e-02
6.726521998643875122e-02 6.411638855934143066e-02
6.725616008043289185e-02 6.410725414752960205e-02
6.724710762500762939e-02 6.409811973571777344e-02
6.723801046609878540e-02 6.408898532390594482e-02
6.722887605428695679e-02 6.407981365919113159e-02
6.721977144479751587e-02 6.407064944505691528e-02
6.721062213182449341e-02 6.406144797801971436e-02
6.720148026943206787e-02 6.405223906040191650e-02
6.719230115413665771e-02 6.404302269220352173e-02
6.718312203884124756e-02 6.403376162052154541e-02
6.717391312122344971e-02 6.402452290058135986e-02
6.716469675302505493e-02 6.401525437831878662e-02
6.715545058250427246e-02 6.400597095489501953e-02
6.714619696140289307e-02 6.399665772914886475e-02
6.713692843914031982e-02 6.398735195398330688e-02
6.712765246629714966e-02 6.397800892591476440e-02
6.711834669113159180e-02 6.396864354610443115e-02
6.710903346538543701e-02 6.395928561687469482e-02
6.709970533847808838e-02 6.394991278648376465e-02
6.709034740924835205e-02 6.394053250551223755e-02
6.708098202943801880e-02 6.393111497163772583e-02
6.707159429788589478e-02 6.392173469066619873e-02
6.706220656633377075e-02 6.391227990388870239e-02
6.705279648303985596e-02 6.390281766653060913e-02
6.704334914684295654e-02 6.389336287975311279e-02
6.703390181064605713e-02 6.388388574123382568e-02
6.702444702386856079e-02 6.387439370155334473e-02
6.701496243476867676e-02 6.386487931013107300e-02
6.700547784566879272e-02 6.385537236928939819e-02
6.699596345424652100e-02 6.384581327438354492e-02
6.698644906282424927e-02 6.383626908063888550e-02
6.697688996791839600e-02 6.382672488689422607e-02
6.696733832359313965e-02 6.381712108850479126e-02
6.695776432752609253e-02 6.380750238895416260e-02
6.694816797971725464e-02 6.379791349172592163e-02
6.693853437900543213e-02 6.378828734159469604e-02
6.692891567945480347e-02 6.377863138914108276e-02
6.691928207874298096e-02 6.376896798610687256e-02
6.690960377454757690e-02 6.375926733016967773e-02
6.689994037151336670e-02 6.374959647655487061e-02
6.689023226499557495e-02 6.373987346887588501e-02
6.688053160905838013e-02 6.373013556003570557e-02
6.687078624963760376e-02 6.372039020061492920e-02
6.686105579137802124e-02 6.371062248945236206e-02
6.685126572847366333e-02 6.370083987712860107e-02
6.684149056673049927e-02 6.369107216596603394e-02
6.683169305324554443e-02 6.368124485015869141e-02
6.682185828685760498e-02 6.367144733667373657e-02
6.681204587221145630e-02 6.366159766912460327e-02
6.680218130350112915e-02 6.365175545215606689e-02
6.679231673479080200e-02 6.364188343286514282e-02
6.678241491317749023e-02 6.363199651241302490e-02
6.677252054214477539e-02 6.362210214138031006e-02
6.676258891820907593e-02 6.361217051744461060e-02
6.675265729427337646e-02 6.360225379467010498e-02
6.674269586801528931e-02 6.359229236841201782e-02
6.673271954059600830e-02 6.358232349157333374e-02
6.672272086143493652e-02 6.357234716415405273e-02
6.671270728111267090e-02 6.356236338615417480e-02
6.670267879962921143e-02 6.355235725641250610e-02
6.669263541698455811e-02 6.354232132434844971e-02
6.668258458375930786e-02 6.353227049112319946e-02
6.667248904705047607e-02 6.352221965789794922e-02
6.666239351034164429e-02 6.351214647293090820e-02
6.665226817131042480e-02 6.350202858448028564e-02
6.664213538169860840e-02 6.349194049835205078e-02
6.663198024034500122e-02 6.348179280757904053e-02
6.662182509899139404e-02 6.347166001796722412e-02
6.661160290241241455e-02 6.346149742603302002e-02
6.660140305757522583e-02 6.345134228467941284e-02
6.659118831157684326e-02 6.344114243984222412e-02
6.658093631267547607e-02 6.343093514442443848e-02
6.657069176435470581e-02 6.342069804668426514e-02
6.656040251255035400e-02 6.341043859720230103e-02
6.655010581016540527e-02 6.340018659830093384e-02
6.653977930545806885e-02 6.338990479707717896e-02
6.652943789958953857e-02 6.337960809469223022e-02
6.651909649372100830e-02 6.336928904056549072e-02
6.650873273611068726e-02 6.335896998643875122e-02
6.649834662675857544e-02 6.334859132766723633e-02
6.648794561624526978e-02 6.333824992179870605e-02
6.647751480340957642e-02 6.332786381244659424e-02
6.646709144115447998e-02 6.331744790077209473e-02
6.645663082599639893e-02 6.330702453851699829e-02
6.644615530967712402e-02 6.329658627510070801e-02
6.643566489219665527e-02 6.328614056110382080e-02
6.642515212297439575e-02 6.327565014362335205e-02
6.641463935375213623e-02 6.326515972614288330e-02
6.640408933162689209e-02 6.325466930866241455e-02
6.639353930950164795e-02 6.324413418769836426e-02
6.638297438621520996e-02 6.323359161615371704e-02
6.637239456176757812e-02 6.322305649518966675e-02
6.636178493499755859e-02 6.321245431900024414e-02
6.635116040706634521e-02 6.320188939571380615e-02
6.634053587913513184e-02 6.319127976894378662e-02
6.632988899946212769e-02 6.318065524101257324e-02
6.631921231746673584e-02 6.317001581192016602e-02
6.630854308605194092e-02 6.315933912992477417e-02
6.629783660173416138e-02 6.314866244792938232e-02
6.628713011741638184e-02 6.313796341419219971e-02
6.627638638019561768e-02 6.312727928161621094e-02
6.626563519239425659e-02 6.311654299497604370e-02
6.625486910343170166e-02 6.310580670833587646e-02
6.624408066272735596e-02 6.309503316879272461e-02
6.623329967260360718e-02 6.308426707983016968e-02
6.622248142957687378e-02 6.307347118854522705e-02
6.621162593364715576e-02 6.306266784667968750e-02
6.620077788829803467e-02 6.305181235074996948e-02
6.618992239236831665e-02 6.304097175598144531e-02
6.617904454469680786e-02 6.303012371063232422e-02
6.616813689470291138e-02 6.301926076412200928e-02
6.615722179412841797e-02 6.300836056470870972e-02
6.614628434181213379e-02 6.299747526645660400e-02
6.613533198833465576e-02 6.298653036355972290e-02
6.612436473369598389e-02 6.297560781240463257e-02
6.611337512731552124e-02 6.296463310718536377e-02
6.610236316919326782e-02 6.295362114906311035e-02
6.609134376049041748e-02 6.294266134500503540e-02
6.608030945062637329e-02 6.293166428804397583e-02
6.606925278902053833e-02 6.292062252759933472e-02
6.605817377567291260e-02 6.290958076715469360e-02
6.604707986116409302e-02 6.289853900671005249e-02
6.603596359491348267e-02 6.288745254278182983e-02
6.602483987808227539e-02 6.287635862827301025e-02
6.601367145776748657e-02 6.286527216434478760e-02
6.600250303745269775e-02 6.285411119461059570e-02
6.599132716655731201e-02 6.284298747777938843e-02
6.598012149333953857e-02 6.283185631036758423e-02
6.596890091896057129e-02 6.282067298889160156e-02
6.595765799283981323e-02 6.280946731567382812e-02
6.594640761613845825e-02 6.279826909303665161e-02
6.593512743711471558e-02 6.278704106807708740e-02
6.592383235692977905e-02 6.277576833963394165e-02
6.591250747442245483e-02 6.276451051235198975e-02
6.590117514133453369e-02 6.275326013565063477e-02
6.588982045650482178e-02 6.274194270372390747e-02
6.587845087051391602e-02 6.273064017295837402e-02
6.586706638336181641e-02 6.271929293870925903e-02
6.585564464330673218e-02 6.270793825387954712e-02
6.584422290325164795e-02 6.269656866788864136e-02
6.583277136087417603e-02 6.268518418073654175e-02
6.582128256559371948e-02 6.267376244068145752e-02
6.580980122089385986e-02 6.266232579946517944e-02
6.579829752445220947e-02 6.265087425708770752e-02
6.578676402568817139e-02 6.263944506645202637e-02
6.577520817518234253e-02 6.262797862291336060e-02
6.576366722583770752e-02 6.261647492647171021e-02
6.575207412242889404e-02 6.260495632886886597e-02
6.574046611785888672e-02 6.259343773126602173e-02
6.572883576154708862e-02 6.258188188076019287e-02
6.571718305349349976e-02 6.257031857967376709e-02
6.570553034543991089e-02 6.255872547626495361e-02
6.569384038448333740e-02 6.254710257053375244e-02
6.568215042352676392e-02 6.253548711538314819e-02
6.567041575908660889e-02 6.252382695674896240e-02
6.565867364406585693e-02 6.251214444637298584e-02
6.564690917730331421e-02 6.250046193599700928e-02
6.563510745763778687e-02 6.248876452445983887e-02
6.562329828739166260e-02 6.247705966234207153e-02
6.561148911714553833e-02 6.246531009674072266e-02
6.559963524341583252e-02 6.245356053113937378e-02
6.558777391910552979e-02 6.244180724024772644e-02
6.557588279247283936e-02 6.243001297116279602e-02
6.556399166584014893e-02 6.241821125149726868e-02
6.555205583572387695e-02 6.240639090538024902e-02
6.554012000560760498e-02 6.239453703165054321e-02
6.552816927433013916e-02 6.238266080617904663e-02
6.551617383956909180e-02 6.237081438302993774e-02
6.550414860248565674e-02 6.235890835523605347e-02
6.549213826656341553e-02 6.234700605273246765e-02
6.548006832599639893e-02 6.233505532145500183e-02
6.546800583600997925e-02 6.232308596372604370e-02
6.545592844486236572e-02 6.231112405657768250e-02
6.544382870197296143e-02 6.229909509420394897e-02
6.543168425559997559e-02 6.228708475828170776e-02
6.541953980922698975e-02 6.227505952119827271e-02
6.540735065937042236e-02 6.226299330592155457e-02
6.539516150951385498e-02 6.225093454122543335e-02
6.538295000791549683e-02 6.223883479833602905e-02
6.537070870399475098e-02 6.222673133015632629e-02
6.535845249891281128e-02 6.221459060907363892e-02
6.534619629383087158e-02 6.220244243741035461e-02
6.533388793468475342e-02 6.219025701284408569e-02
6.532157957553863525e-02 6.217808276414871216e-02
6.530922651290893555e-02 6.216586753726005554e-02
6.529685854911804199e-02 6.215363740921020508e-02
6.528447568416595459e-02 6.214140728116035461e-02
6.527207046747207642e-02 6.212910264730453491e-02
6.525965034961700439e-02 6.211682409048080444e-02
6.524719297885894775e-02 6.210453435778617859e-02
6.523472070693969727e-02 6.209220737218856812e-02
6.522223353385925293e-02 6.207986921072006226e-02
6.520971655845642090e-02 6.206750124692916870e-02
6.519718468189239502e-02 6.205511093139648438e-02
6.518462300300598145e-02 6.204271316528320312e-02
6.517204642295837402e-02 6.203027814626693726e-02
6.515945494174957275e-02 6.201782077550888062e-02
6.514684110879898071e-02 6.200536340475082397e-02
6.513420492410659790e-02 6.199286505579948425e-02
6.512153148651123047e-02 6.198035925626754761e-02
6.510882824659347534e-02 6.196781992912292480e-02
6.509610265493392944e-02 6.195527315139770508e-02
6.508339196443557739e-02 6.194270402193069458e-02
6.507063657045364380e-02 6.193013861775398254e-02
6.505785137414932251e-02 6.191753596067428589e-02
6.504507362842559814e-02 6.190491467714309692e-02
6.503224372863769531e-02 6.189225986599922180e-02
6.501936912536621094e-02 6.187959760427474976e-02
6.500653922557830811e-02 6.186690181493759155e-02
6.499363481998443604e-02 6.185421347618103027e-02
6.498071551322937012e-02 6.184148043394088745e-02
6.496778875589370728e-02 6.182874366641044617e-02
6.495483219623565674e-02 6.181596592068672180e-02
6.494184583425521851e-02 6.180318444967269897e-02
6.492884457111358643e-02 6.179036945104598999e-02
6.491582095623016357e-02 6.177755445241928101e-02
6.490276753902435303e-02 6.176470592617988586e-02
6.488970667123794556e-02 6.175182387232780457e-02
6.487660109996795654e-02 6.173893064260482788e-02
6.486348807811737061e-02 6.172601506114006042e-02
6.485033780336380005e-02 6.171307712793350220e-02
6.483718752861022949e-02 6.170012429356575012e-02
6.482400000095367432e-02 6.168715283274650574e-02
6.481078267097473145e-02 6.167415902018547058e-02
6.479755043983459473e-02 6.166114285588264465e-02
6.478428095579147339e-02 6.164808943867683411e-02
6.477101147174835205e-02 6.163504719734191895e-02
6.475771218538284302e-02 6.162197142839431763e-02
6.474437564611434937e-02 6.160885095596313477e-02
6.473101675510406494e-02 6.159572675824165344e-02
6.471765786409378052e-02 6.158260256052017212e-02
6.470424681901931763e-02 6.156944483518600464e-02
6.469082832336425781e-02 6.155626848340034485e-02
6.467738747596740723e-02 6.154303625226020813e-02
6.466390192508697510e-02 6.152981519699096680e-02
6.465043127536773682e-02 6.151657551527023315e-02
6.463690847158432007e-02 6.150330975651741028e-02
6.462338566780090332e-02 6.149000674486160278e-02
6.460980325937271118e-02 6.147670745849609375e-02
6.459622085094451904e-02 6.146337464451789856e-02
6.458262354135513306e-02 6.145001575350761414e-02
6.456898152828216553e-02 6.143662333488464355e-02
6.455533206462860107e-02 6.142322346568107605e-02
6.454165279865264893e-02 6.140979006886482239e-02
6.452794373035430908e-02 6.139633804559707642e-02
6.451423466205596924e-02 6.138288229703903198e-02
6.450046598911285400e-02 6.136937811970710754e-02
6.448669731616973877e-02 6.135584041476249695e-02
6.447290629148483276e-02 6.134232878684997559e-02
6.445910036563873291e-02 6.132876873016357422e-02
6.444524228572845459e-02 6.131517887115478516e-02
6.443139165639877319e-02 6.130158156156539917e-02
6.441752612590789795e-02 6.128796935081481934e-02
6.440361589193344116e-02 6.127431243658065796e-02
6.438970565795898438e-02 6.126063317060470581e-02
6.437574326992034912e-02 6.124696135520935059e-02
6.436178088188171387e-02 6.123326346278190613e-02
6.434779614210128784e-02 6.121953576803207397e-02
6.433378159999847412e-02 6.120576709508895874e-02
6.431974470615386963e-02 6.119201332330703735e-02
6.430569291114807129e-02 6.117820739746093750e-02
6.429162621498107910e-02 6.116439774632453918e-02
6.427752971649169922e-02 6.115055829286575317e-02
6.426341086626052856e-02 6.113669276237487793e-02
6.424926966428756714e-02 6.112281233072280884e-02
6.423509865999221802e-02 6.110890954732894897e-02
6.422092020511627197e-02 6.109496206045150757e-02
6.420669704675674438e-02 6.108103320002555847e-02
6.419247388839721680e-02 6.106705591082572937e-02
6.417822092771530151e-02 6.105307862162590027e-02
6.416393816471099854e-02 6.103905290365219116e-02
6.414963304996490479e-02 6.102500483393669128e-02
6.413532048463821411e-02 6.101096794009208679e-02
6.412099301815032959e-02 6.099685281515121460e-02
6.410659849643707275e-02 6.098274141550064087e-02
6.409220397472381592e-02 6.096863001585006714e-02
6.407777965068817139e-02 6.095448881387710571e-02
6.406335532665252686e-02 6.094034761190414429e-02
6.404888629913330078e-02 6.092612817883491516e-02
6.403440982103347778e-02 6.091192364692687988e-02
6.401988863945007324e-02 6.089768558740615845e-02
6.400536745786666870e-02 6.088343262672424316e-02
6.399080157279968262e-02 6.086915731430053711e-02
6.397622078657150269e-02 6.085484474897384644e-02
6.396161019802093506e-02 6.084051728248596191e-02
6.394697725772857666e-02 6.082617491483688354e-02
6.393233686685562134e-02 6.081181764602661133e-02
6.391765177249908447e-02 6.079742312431335449e-02
6.390293687582015991e-02 6.078300625085830688e-02
6.388820707798004150e-02 6.076854467391967773e-02
6.387346982955932617e-02 6.075408309698104858e-02
6.385867297649383545e-02 6.073960661888122559e-02
6.384387612342834473e-02 6.072510406374931335e-02
6.382904946804046631e-02 6.071057170629501343e-02
6.381417810916900635e-02 6.069600582122802734e-02
6.379929929971694946e-02 6.068142130970954895e-02
6.378440558910369873e-02 6.066679954528808594e-02
6.376947462558746338e-02 6.065218523144721985e-02
6.375452131032943726e-02 6.063751503825187683e-02
6.373952329158782959e-02 6.062283366918563843e-02
6.372452527284622192e-02 6.060814857482910156e-02
6.370949000120162964e-02 6.059341877698898315e-02
6.369442492723464966e-02 6.057868152856826782e-02
6.367934495210647583e-02 6.056391075253486633e-02
6.366424262523651123e-02 6.054911762475967407e-02
6.364908814430236816e-02 6.053429841995239258e-02
6.363392621278762817e-02 6.051944568753242493e-02
6.361875683069229126e-02 6.050455570220947266e-02
6.360353529453277588e-02 6.048967316746711731e-02
6.358829885721206665e-02 6.047477200627326965e-02
6.357301771640777588e-02 6.045983359217643738e-02
6.355773657560348511e-02 6.044486910104751587e-02
6.354241073131561279e-02 6.042987108230590820e-02
6.352707743644714355e-02 6.041488051414489746e-02
6.351169943809509277e-02 6.039984151721000671e-02
6.349630653858184814e-02 6.038478761911392212e-02
6.348089128732681274e-02 6.036969274282455444e-02
6.346545368432998657e-02 6.035461276769638062e-02
6.344994902610778809e-02 6.033947318792343140e-02
6.343445181846618652e-02 6.032432243227958679e-02
6.341891735792160034e-02 6.030912324786186218e-02
6.340335309505462646e-02 6.029389053583145142e-02
6.338778138160705566e-02 6.027866154909133911e-02
6.337216496467590332e-02 6.026344373822212219e-02
6.335651129484176636e-02 6.024814769625663757e-02
6.334085762500762939e-02 6.023284047842025757e-02
6.332516670227050781e-02 6.021751835942268372e-02
6.330944597721099854e-02 6.020214036107063293e-02
6.329371035099029541e-02 6.018677353858947754e-02
6.327790766954421997e-02 6.017134338617324829e-02
6.326211988925933838e-02 6.015590578317642212e-02
6.324629485607147217e-02 6.014045327901840210e-02
6.323043256998062134e-02 6.012497469782829285e-02
6.321454048156738281e-02 6.010944768786430359e-02
6.319864839315414429e-02 6.009391695261001587e-02
6.318269670009613037e-02 6.007836014032363892e-02
6.316675245761871338e-02 6.006277352571487427e-02
6.315074861049652100e-02 6.004716828465461731e-02
6.313472241163253784e-02 6.003152579069137573e-02
6.311868131160736084e-02 6.001586839556694031e-02
6.310260295867919922e-02 6.000020354986190796e-02
6.308648735284805298e-02 5.998446792364120483e-02
6.307035684585571289e-02 5.996875092387199402e-02
6.305419653654098511e-02 5.995297431945800781e-02
6.303800642490386963e-02 5.993720144033432007e-02
6.302179396152496338e-02 5.992138385772705078e-02
6.300555169582366943e-02 5.990554019808769226e-02
6.298927962779998779e-02 5.988966301083564758e-02
6.297297775745391846e-02 5.987375974655151367e-02
6.295664608478546143e-02 5.985783785581588745e-02
6.294029951095581055e-02 5.984190851449966431e-02
6.292392313480377197e-02 5.982595682144165039e-02
6.290748715400695801e-02 5.980994179844856262e-02
6.289105117321014404e-02 5.979392677545547485e-02
6.287457793951034546e-02 5.977787449955940247e-02
6.285806745290756226e-02 5.976178124547004700e-02
6.284154206514358521e-02 5.974565073847770691e-02
6.282499432563781738e-02 5.972954630851745605e-02
6.280839443206787109e-02 5.971337482333183289e-02
6.279177963733673096e-02 5.969721078872680664e-02
6.277514249086380005e-02 5.968099832534790039e-02
6.275846809148788452e-02 5.966476723551750183e-02
6.274177134037017822e-02 5.964850634336471558e-02
6.272504478693008423e-02 5.963221192359924316e-02
6.270829588174819946e-02 5.961589887738227844e-02
6.269150227308273315e-02 5.959954112768173218e-02
6.267468631267547607e-02 5.958316475152969360e-02
6.265783309936523438e-02 5.956674739718437195e-02
6.264093518257141113e-02 5.955030769109725952e-02
6.262405216693878174e-02 5.953387543559074402e-02
6.260709464550018311e-02 5.951737239956855774e-02
6.259012967348098755e-02 5.950085446238517761e-02
6.257314980030059814e-02 5.948430299758911133e-02
6.255611032247543335e-02 5.946774035692214966e-02
6.253905594348907471e-02 5.945117026567459106e-02
6.252197921276092529e-02 5.943455547094345093e-02
6.250487267971038818e-02 5.941787362098693848e-02
6.248770281672477722e-02 5.940122157335281372e-02
6.247053295373916626e-02 5.938450619578361511e-02
6.245332956314086914e-02 5.936778336763381958e-02
6.243608519434928894e-02 5.935102701187133789e-02
6.241882964968681335e-02 5.933425575494766235e-02
6.240152567625045776e-02 5.931742116808891296e-02
6.238420680165290833e-02 5.930060148239135742e-02
6.236683577299118042e-02 5.928371474146842957e-02
6.234946101903915405e-02 5.926684662699699402e-02
6.233204528689384460e-02 5.924990028142929077e-02
6.231458857655525208e-02 5.923293903470039368e-02
6.229709833860397339e-02 5.921597406268119812e-02
6.227961182594299316e-02 5.919895321130752563e-02
6.226206570863723755e-02 5.918189138174057007e-02
6.224448233842849731e-02 5.916484445333480835e-02
6.222688034176826477e-02 5.914772301912307739e-02
6.220925971865653992e-02 5.913059785962104797e-02
6.219157576560974121e-02 5.911344289779663086e-02
6.217390298843383789e-02 5.909625440835952759e-02
6.215616315603256226e-02 5.907905101776123047e-02
6.213841959834098816e-02 5.906181409955024719e-02
6.212062388658523560e-02 5.904453992843627930e-02
6.210280209779739380e-02 5.902723595499992371e-02
6.208495050668716431e-02 5.900991708040237427e-02
6.206706911325454712e-02 5.899257212877273560e-02
6.204914301633834839e-02 5.897517874836921692e-02
6.203119084239006042e-02 5.895777791738510132e-02
6.201320886611938477e-02 5.894031375646591187e-02
6.199520826339721680e-02 5.892283841967582703e-02
6.197717040777206421e-02 5.890534073114395142e-02
6.195909529924392700e-02 5.888781696557998657e-02
6.194099783897399902e-02 5.887023732066154480e-02
6.192284077405929565e-02 5.885268375277519226e-02
6.190467625856399536e-02 5.883504077792167664e-02
6.188647076487541199e-02 5.881737545132637024e-02
6.186823174357414246e-02 5.879972130060195923e-02
6.184998899698257446e-02 5.878200381994247437e-02
6.183169037103652954e-02 5.876426026225090027e-02
6.181336194276809692e-02 5.874648690223693848e-02
6.179498881101608276e-02 5.872871726751327515e-02
6.177658587694168091e-02 5.871088430285453796e-02
6.175817176699638367e-02 5.869301408529281616e-02
6.173972040414810181e-02 5.867511034011840820e-02
6.172121316194534302e-02 5.865721777081489563e-02
6.170269101858139038e-02 5.863926932215690613e-02
6.168413907289505005e-02 5.862128734588623047e-02
6.166552752256393433e-02 5.860329419374465942e-02
6.164690852165222168e-02 5.858524516224861145e-02
6.162825226783752441e-02 5.856715515255928040e-02
6.160955876111984253e-02 5.854904651641845703e-02
6.159083172678947449e-02 5.853091552853584290e-02
6.157207489013671875e-02 5.851274728775024414e-02
6.155327707529067993e-02 5.849455669522285461e-02
6.153445318341255188e-02 5.847634002566337585e-02
6.151559203863143921e-02 5.845806747674942017e-02
6.149671226739883423e-02 5.843979865312576294e-02
6.147777289152145386e-02 5.842147395014762878e-02
6.145881488919258118e-02 5.840315669775009155e-02
6.143983080983161926e-02 5.838477611541748047e-02
6.142079830169677734e-02 5.836635828018188477e-02
6.140174344182014465e-02 5.834791809320449829e-02
6.138265132904052734e-02 5.832945182919502258e-02
6.136351078748703003e-02 5.831091850996017456e-02
6.134436652064323425e-02 5.829241126775741577e-02
6.132517009973526001e-02 5.827384069561958313e-02
6.130592897534370422e-02 5.825524777173995972e-02
6.128666922450065613e-02 5.823660641908645630e-02
6.126736849546432495e-02 5.821795016527175903e-02
6.124802306294441223e-02 5.819927528500556946e-02
6.122865527868270874e-02 5.818056315183639526e-02
6.120925024151802063e-02 5.816182494163513184e-02
6.118981912732124329e-02 5.814304947853088379e-02
6.117035821080207825e-02 5.812422558665275574e-02
6.115083768963813782e-02 5.810536816716194153e-02
6.113128736615180969e-02 5.808649212121963501e-02
6.111170724034309387e-02 5.806757137179374695e-02
6.109209731221199036e-02 5.804863572120666504e-02
6.107244640588760376e-02 5.802967399358749390e-02
6.105276942253112793e-02 5.801061540842056274e-02
6.103305891156196594e-02 5.799160152673721313e-02
6.101330369710922241e-02 5.797256901860237122e-02
6.099351122975349426e-02 5.795343592762947083e-02
6.097369268536567688e-02 5.793426558375358582e-02
6.095382571220397949e-02 5.791512876749038696e-02
6.093394011259078979e-02 5.789592862129211426e-02
6.091398745775222778e-02 5.787666514515876770e-02
6.089402362704277039e-02 5.785741657018661499e-02
6.087400764226913452e-02 5.783811211585998535e-02
6.085399538278579712e-02 5.781878903508186340e-02
6.083391234278678894e-02 5.779941007494926453e-02
6.081379577517509460e-02 5.778000876307487488e-02
6.079363822937011719e-02 5.776057392358779907e-02
6.077345460653305054e-02 5.774112418293952942e-02
6.075323745608329773e-02 5.772160366177558899e-02
6.073297187685966492e-02 5.770207569003105164e-02
6.071268394589424133e-02 5.768250301480293274e-02
6.069235131144523621e-02 5.766291171312332153e-02
6.067197769880294800e-02 5.764327570796012878e-02
6.065156310796737671e-02 5.762358382344245911e-02
6.063111498951911926e-02 5.760390311479568481e-02
6.061065196990966797e-02 5.758415535092353821e-02
6.059011816978454590e-02 5.756436660885810852e-02
6.056956574320793152e-02 5.754455924034118652e-02
6.054897978901863098e-02 5.752473324537277222e-02
6.052834540605545044e-02 5.750484019517898560e-02
6.050768494606018066e-02 5.748493596911430359e-02
6.048697233200073242e-02 5.746500566601753235e-02
6.046624109148979187e-02 5.744503811001777649e-02
6.044544652104377747e-02 5.742501467466354370e-02
6.042462587356567383e-02 5.740498378872871399e-02
6.040377169847488403e-02 5.738491937518119812e-02
6.038287281990051270e-02 5.736477300524711609e-02
6.036195158958435059e-02 5.734462291002273560e-02
6.034096330404281616e-02 5.732444673776626587e-02
6.031996756792068481e-02 5.730419233441352844e-02
6.029891222715377808e-02 5.728394538164138794e-02
6.027781963348388672e-02 5.726367235183715820e-02
6.025670096278190613e-02 5.724334716796875000e-02
6.023554131388664246e-02 5.722299963235855103e-02
6.021432951092720032e-02 5.720261856913566589e-02
6.019309163093566895e-02 5.718218162655830383e-02
6.017182394862174988e-02 5.716173723340034485e-02
6.015049293637275696e-02 5.714122205972671509e-02
6.012913584709167480e-02 5.712070316076278687e-02
6.010774523019790649e-02 5.710013955831527710e-02
6.008629128336906433e-02 5.707953497767448425e-02
6.006482243537902832e-02 5.705890804529190063e-02
6.004332378506660461e-02 5.703822523355484009e-02
6.002177670598030090e-02 5.701751634478569031e-02
6.000015139579772949e-02 5.699677392840385437e-02
5.997852608561515808e-02 5.697597935795783997e-02
5.995685979723930359e-02 5.695516988635063171e-02
5.993514508008956909e-02 5.693430453538894653e-02
5.991337820887565613e-02 5.691341310739517212e-02
5.989159271121025085e-02 5.689246580004692078e-02
5.986975878477096558e-02 5.687152594327926636e-02
5.984788388013839722e-02 5.685051530599594116e-02
5.982597544789314270e-02 5.682945251464843750e-02
5.980400368571281433e-02 5.680836364626884460e-02
5.978200584650039673e-02 5.678725242614746094e-02
5.975996702909469604e-02 5.676611512899398804e-02
5.973789840936660767e-02 5.674493312835693359e-02
5.971576645970344543e-02 5.672371387481689453e-02
5.969359725713729858e-02 5.670247226953506470e-02
5.967139452695846558e-02 5.668115615844726562e-02
5.964915081858634949e-02 5.665981769561767578e-02
5.962688475847244263e-02 5.663843080401420593e-02
5.960454791784286499e-02 5.661701411008834839e-02
5.958216637372970581e-02 5.659557506442070007e-02
5.955974385142326355e-02 5.657410621643066406e-02
5.953730270266532898e-02 5.655256658792495728e-02
5.951480194926261902e-02 5.653099343180656433e-02
5.949226021766662598e-02 5.650939419865608215e-02
5.946967750787734985e-02 5.648777633905410767e-02
5.944704264402389526e-02 5.646608397364616394e-02
5.942438915371894836e-02 5.644438415765762329e-02
5.940168350934982300e-02 5.642262846231460571e-02
5.937893316149711609e-02 5.640083551406860352e-02
5.935614183545112610e-02 5.637898296117782593e-02
5.933328717947006226e-02 5.635708570480346680e-02
5.931041762232780457e-02 5.633519962430000305e-02
5.928749591112136841e-02 5.631325766444206238e-02
5.926451086997985840e-02 5.629125982522964478e-02
5.924149602651596069e-02 5.626922845840454102e-02
5.921845510601997375e-02 5.624715238809585571e-02
5.919535830616950989e-02 5.622505024075508118e-02
5.917221307754516602e-02 5.620291829109191895e-02
5.914901942014694214e-02 5.618072673678398132e-02
5.912579223513603210e-02 5.615850538015365601e-02
5.910251289606094360e-02 5.613624304533004761e-02
5.907920002937316895e-02 5.611392110586166382e-02
5.905583500862121582e-02 5.609156936407089233e-02
5.903241038322448730e-02 5.606918781995773315e-02
5.900897458195686340e-02 5.604676157236099243e-02
5.898546054959297180e-02 5.602431297302246094e-02
5.896193534135818481e-02 5.600181967020034790e-02
5.893834680318832397e-02 5.597926303744316101e-02
5.891472846269607544e-02 5.595669150352478027e-02
5.889104679226875305e-02 5.593409389257431030e-02
5.886733531951904297e-02 5.591143295168876648e-02
5.884354561567306519e-02 5.588871240615844727e-02
5.881972983479499817e-02 5.586594343185424805e-02
5.879587680101394653e-02 5.584313720464706421e-02
5.877196788787841797e-02 5.582032352685928345e-02
5.874801427125930786e-02 5.579744651913642883e-02
5.872402340173721313e-02 5.577451735734939575e-02
5.869996547698974609e-02 5.575156956911087036e-02
5.867586657404899597e-02 5.572857707738876343e-02
5.865173786878585815e-02 5.570555850863456726e-02
5.862754583358764648e-02 5.568246170878410339e-02
5.860330909490585327e-02 5.565931648015975952e-02
5.857903882861137390e-02 5.563614889979362488e-02
5.855470895767211914e-02 5.561294406652450562e-02
5.853033065795898438e-02 5.558968335390090942e-02
5.850591138005256653e-02 5.556639283895492554e-02
5.848143249750137329e-02 5.554304644465446472e-02
5.845692008733749390e-02 5.551966279745101929e-02
5.843234807252883911e-02 5.549623444676399231e-02
5.840773507952690125e-02 5.547278001904487610e-02
5.838305503129959106e-02 5.544926971197128296e-02
5.835835263133049011e-02 5.542571097612380981e-02
5.833359435200691223e-02 5.540211871266365051e-02
5.830878019332885742e-02 5.537848547101020813e-02
5.828391760587692261e-02 5.535482615232467651e-02
5.825901776552200317e-02 5.533112213015556335e-02
5.823405832052230835e-02 5.530735105276107788e-02
5.820906162261962891e-02 5.528355389833450317e-02
5.818399786949157715e-02 5.525967478752136230e-02
5.815889686346054077e-02 5.523578077554702759e-02
5.813374370336532593e-02 5.521185323596000671e-02
5.810853838920593262e-02 5.518783256411552429e-02
5.808328837156295776e-02 5.516379326581954956e-02
5.805797129869461060e-02 5.513971298933029175e-02
5.803262069821357727e-02 5.511560291051864624e-02
5.800722166895866394e-02 5.509140342473983765e-02
5.798177048563957214e-02 5.506718158721923828e-02
5.795624852180480957e-02 5.504291504621505737e-02
5.793070048093795776e-02 5.501861497759819031e-02
5.790507793426513672e-02 5.499424785375595093e-02
5.787941813468933105e-02 5.496983975172042847e-02
5.785370990633964539e-02 5.494542792439460754e-02
5.782794207334518433e-02 5.492091923952102661e-02
5.780213326215744019e-02 5.489640310406684875e-02
5.777624994516372681e-02 5.487181991338729858e-02
5.775032564997673035e-02 5.484718084335327148e-02
5.772436410188674927e-02 5.482249706983566284e-02
5.769833177328109741e-02 5.479777976870536804e-02
5.767225474119186401e-02 5.477303266525268555e-02
5.764612555503845215e-02 5.474818870425224304e-02
5.761994048953056335e-02 5.472333356738090515e-02
5.759369581937789917e-02 5.469841882586479187e-02
5.756740644574165344e-02 5.467345193028450012e-02
5.754106491804122925e-02 5.464843660593032837e-02
5.751465633511543274e-02 5.462338402867317200e-02
5.748821049928665161e-02 5.459826439619064331e-02
5.746170133352279663e-02 5.457311868667602539e-02
5.743513628840446472e-02 5.454791709780693054e-02
5.740851163864135742e-02 5.452267080545425415e-02
5.738183110952377319e-02 5.449736118316650391e-02
5.735511705279350281e-02 5.447201058268547058e-02
5.732832103967666626e-02 5.444661900401115417e-02
5.730148404836654663e-02 5.442116782069206238e-02
5.727459117770195007e-02 5.439568310976028442e-02
5.724764615297317505e-02 5.437013506889343262e-02
5.722063779830932617e-02 5.434453487396240234e-02
5.719356611371040344e-02 5.431887507438659668e-02
5.716644600033760071e-02 5.429317802190780640e-02
5.713927000761032104e-02 5.426745861768722534e-02
5.711203068494796753e-02 5.424164980649948120e-02
5.708475038409233093e-02 5.421580746769905090e-02
5.705741047859191895e-02 5.418989807367324829e-02
5.702999979257583618e-02 5.416395515203475952e-02
5.700253322720527649e-02 5.413795262575149536e-02
5.697500705718994141e-02 5.411189794540405273e-02
5.694743245840072632e-02 5.408579856157302856e-02
5.691979080438613892e-02 5.405963212251663208e-02
5.689209699630737305e-02 5.403343960642814636e-02
5.686433985829353333e-02 5.400717258453369141e-02
5.683652311563491821e-02 5.398084968328475952e-02
5.680865794420242310e-02 5.395450443029403687e-02
5.678071826696395874e-02 5.392809957265853882e-02
5.675273388624191284e-02 5.390162020921707153e-02
5.672468617558479309e-02 5.387509986758232117e-02
5.669656395912170410e-02 5.384852737188339233e-02
5.666840821504592896e-02 5.382188409566879272e-02
5.664017051458358765e-02 5.379519611597061157e-02
5.661185458302497864e-02 5.376844480633735657e-02
5.658350139856338501e-02 5.374165251851081848e-02
5.655509978532791138e-02 5.371479317545890808e-02
5.652660131454467773e-02 5.368790775537490845e-02
5.649808049201965332e-02 5.366097018122673035e-02
5.646947026252746582e-02 5.363395810127258301e-02
5.644079297780990601e-02 5.360690876841545105e-02
5.641207098960876465e-02 5.357979610562324524e-02
5.638328939676284790e-02 5.355260521173477173e-02
5.635442584753036499e-02 5.352537706494331360e-02
5.632551386952400208e-02 5.349808186292648315e-02
5.629651993513107300e-02 5.347073823213577271e-02
5.626747757196426392e-02 5.344334244728088379e-02
5.623836442828178406e-02 5.341585725545883179e-02
5.620919913053512573e-02 5.338835716247558594e-02
5.617995187640190125e-02 5.336079746484756470e-02
5.615065619349479675e-02 5.333312600851058960e-02
5.612129718065261841e-02 5.330545455217361450e-02
5.609185248613357544e-02 5.327770113945007324e-02
5.606236308813095093e-02 5.324991792440414429e-02
5.603278428316116333e-02 5.322204902768135071e-02
5.600314587354660034e-02 5.319414287805557251e-02
5.597347021102905273e-02 5.316615849733352661e-02
5.594369769096374512e-02 5.313812568783760071e-02
5.591387301683425903e-02 5.311004072427749634e-02
5.588395148515701294e-02 5.308188870549201965e-02
5.585400015115737915e-02 5.305367708206176758e-02
5.582397431135177612e-02 5.302538722753524780e-02
5.579385161399841309e-02 5.299705266952514648e-02
5.576368421316146851e-02 5.296863988041877747e-02
5.573343113064765930e-02 5.294017121195793152e-02
5.570311471819877625e-02 5.291166901588439941e-02
5.567275360226631165e-02 5.288307741284370422e-02
5.564229562878608704e-02 5.285444855690002441e-02
5.561177805066108704e-02 5.282575637102127075e-02
5.558117479085922241e-02 5.279700085520744324e-02
5.555052310228347778e-02 5.276818200945854187e-02
5.551979690790176392e-02 5.273929983377456665e-02
5.548899248242378235e-02 5.271033570170402527e-02
5.545812100172042847e-02 5.268131569027900696e-02
5.542717501521110535e-02 5.265223234891891479e-02
5.539614707231521606e-02 5.262308195233345032e-02
5.536506325006484985e-02 5.259387940168380737e-02
5.533389374613761902e-02 5.256462842226028442e-02
5.530266091227531433e-02 5.253526568412780762e-02
5.527134612202644348e-02 5.250586941838264465e-02
5.523996427655220032e-02 5.247641354799270630e-02
5.520849302411079407e-02 5.244687944650650024e-02
5.517695471644401550e-02 5.241727083921432495e-02
5.514535307884216309e-02 5.238760262727737427e-02
5.511366203427314758e-02 5.235786363482475281e-02
5.508191138505935669e-02 5.232806131243705750e-02
5.505007505416870117e-02 5.229823663830757141e-02
5.501816794276237488e-02 5.226829648017883301e-02
5.498618632555007935e-02 5.223829299211502075e-02
5.495411902666091919e-02 5.220825597643852234e-02
5.492196604609489441e-02 5.217812582850456238e-02
5.488976091146469116e-02 5.214790254831314087e-02
5.485745146870613098e-02 5.211762338876724243e-02
5.482506752014160156e-02 5.208729580044746399e-02
5.479260534048080444e-02 5.205687135457992554e-02
5.476008728146553040e-02 5.202639847993850708e-02
