1.343931436538696289e+00 1.981547355651855469e+00
1.312346458435058594e+00 1.952557206153869629e+00
1.289897441864013672e+00 1.928578138351440430e+00
1.271373271942138672e+00 1.907504558563232422e+00
1.255127549171447754e+00 1.888361692428588867e+00
1.240397810935974121e+00 1.870607137680053711e+00
1.226760745048522949e+00 1.853904366493225098e+00
1.213952779769897461e+00 1.838028192520141602e+00
1.201798200607299805e+00 1.822819709777832031e+00
1.190173029899597168e+00 1.808161973953247070e+00
1.178985595703125000e+00 1.793967008590698242e+00
1.168167352676391602e+00 1.780166029930114746e+00
1.157664656639099121e+00 1.766704916954040527e+00
1.147435188293457031e+00 1.753539204597473145e+00
1.137444734573364258e+00 1.740633845329284668e+00
1.127665162086486816e+00 1.727958798408508301e+00
1.118073582649230957e+00 1.715489029884338379e+00
1.108650684356689453e+00 1.703204393386840820e+00
1.099380373954772949e+00 1.691086411476135254e+00
1.090248584747314453e+00 1.679120779037475586e+00
1.081243872642517090e+00 1.667293548583984375e+00
1.072355747222900391e+00 1.655594468116760254e+00
1.063575744628906250e+00 1.644012689590454102e+00
1.054895877838134766e+00 1.632540583610534668e+00
1.046309947967529297e+00 1.621170043945312500e+00
1.037811994552612305e+00 1.609894990921020508e+00
1.029397010803222656e+00 1.598709225654602051e+00
1.021060347557067871e+00 1.587608337402343750e+00
1.012798190116882324e+00 1.576586961746215820e+00
1.004606842994689941e+00 1.565640926361083984e+00
9.964835643768310547e-01 1.554767847061157227e+00
9.884253144264221191e-01 1.543963670730590820e+00
9.804295897483825684e-01 1.533226490020751953e+00
9.724945425987243652e-01 1.522552371025085449e+00
9.646178483963012695e-01 1.511939764022827148e+00
9.567979574203491211e-01 1.501386880874633789e+00
9.490330815315246582e-01 1.490891575813293457e+00
9.413220882415771484e-01 1.480452537536621094e+00
9.336636066436767578e-01 1.470067739486694336e+00
9.260563850402832031e-01 1.459736227989196777e+00
9.184993505477905273e-01 1.449456930160522461e+00
9.109917879104614258e-01 1.439228296279907227e+00
9.035328030586242676e-01 1.429049611091613770e+00
8.961213827133178711e-01 1.418920040130615234e+00
8.887569904327392578e-01 1.408838629722595215e+00
8.814390301704406738e-01 1.398804426193237305e+00
8.741667866706848145e-01 1.388817191123962402e+00
8.669396638870239258e-01 1.378876209259033203e+00
8.597574830055236816e-01 1.368980288505554199e+00
8.526193499565124512e-01 1.359129548072814941e+00
8.455251455307006836e-01 1.349322795867919922e+00
8.384741544723510742e-01 1.339560151100158691e+00
8.314661979675292969e-01 1.329840898513793945e+00
8.245008587837219238e-01 1.320164442062377930e+00
8.175776004791259766e-01 1.310530304908752441e+00
8.106962442398071289e-01 1.300938367843627930e+00
8.038564324378967285e-01 1.291387557983398438e+00
7.970576286315917969e-01 1.281877875328063965e+00
7.902997732162475586e-01 1.272408843040466309e+00
7.835822701454162598e-01 1.262979865074157715e+00
7.769048213958740234e-01 1.253590464591979980e+00
7.702671289443969727e-01 1.244240403175354004e+00
7.636687755584716797e-01 1.234929084777832031e+00
7.571096420288085938e-01 1.225656390190124512e+00
7.505896091461181641e-01 1.216422438621520996e+00
7.441082000732421875e-01 1.207226157188415527e+00
7.376654148101806641e-01 1.198067903518676758e+00
7.312610745429992676e-01 1.188947677612304688e+00
7.248951196670532227e-01 1.179865121841430664e+00
7.185676097869873047e-01 1.170820832252502441e+00
7.122784852981567383e-01 1.161814093589782715e+00
7.060276865959167480e-01 1.152845382690429688e+00
6.998153924942016602e-01 1.143915057182312012e+00
6.936414241790771484e-01 1.135022521018981934e+00
6.875059604644775391e-01 1.126168012619018555e+00
6.814088821411132812e-01 1.117351651191711426e+00
6.753503084182739258e-01 1.108573436737060547e+00
6.693301796913146973e-01 1.099833607673645020e+00
6.633484363555908203e-01 1.091132164001464844e+00
6.574052572250366211e-01 1.082468628883361816e+00
6.515005826950073242e-01 1.073843240737915039e+00
6.456342935562133789e-01 1.065256357192993164e+00
6.398065090179443359e-01 1.056707978248596191e+00
6.340171694755554199e-01 1.048197507858276367e+00
6.282660961151123047e-01 1.039725422859191895e+00
6.225535273551940918e-01 1.031291723251342773e+00
6.168794035911560059e-01 1.022896409034729004e+00
6.112436056137084961e-01 1.014539241790771484e+00
6.056461334228515625e-01 1.006220459938049316e+00
6.000869870185852051e-01 9.979397058486938477e-01
5.945662260055541992e-01 9.896973371505737305e-01
5.890836119651794434e-01 9.814933538436889648e-01
5.836393237113952637e-01 9.733276367187500000e-01
5.782331824302673340e-01 9.652001857757568359e-01
5.728654861450195312e-01 9.571109414100646973e-01
5.675357580184936523e-01 9.490598440170288086e-01
5.622441172599792480e-01 9.410470128059387207e-01
5.569906234741210938e-01 9.330723285675048828e-01
5.517753362655639648e-01 9.251360297203063965e-01
5.465979576110839844e-01 9.172376990318298340e-01
5.414586663246154785e-01 9.093776345252990723e-01
5.363572835922241211e-01 9.015555977821350098e-01
5.312937498092651367e-01 8.937718272209167480e-01
5.262683033943176270e-01 8.860260248184204102e-01
5.212806463241577148e-01 8.783183693885803223e-01
5.163308382034301758e-01 8.706488013267517090e-01
5.114188194274902344e-01 8.630173206329345703e-01
5.065444707870483398e-01 8.554238080978393555e-01
5.017078518867492676e-01 8.478682041168212891e-01
4.969090819358825684e-01 8.403508067131042480e-01
4.921479821205139160e-01 8.328714966773986816e-01
4.874243736267089844e-01 8.254299759864807129e-01
4.827384352684020996e-01 8.180264830589294434e-01
4.780899882316589355e-01 8.106607794761657715e-01
4.734790027141571045e-01 8.033333420753479004e-01
4.689055085182189941e-01 7.960435748100280762e-01
4.643695354461669922e-01 7.887917757034301758e-01
4.598708748817443848e-01 7.815778255462646484e-01
4.554096162319183350e-01 7.744016647338867188e-01
4.509856104850769043e-01 7.672635912895202637e-01
4.465989470481872559e-01 7.601631879806518555e-01
4.422495067119598389e-01 7.531006336212158203e-01
4.379371702671051025e-01 7.460759878158569336e-01
4.336620569229125977e-01 7.390889525413513184e-01
4.294239878654479980e-01 7.321397066116333008e-01
4.252230525016784668e-01 7.252282500267028809e-01
4.210591316223144531e-01 7.183545827865600586e-01
4.169321060180664062e-01 7.115186452865600586e-01
4.128421545028686523e-01 7.047203183174133301e-01
4.087889492511749268e-01 6.979598402976989746e-01
4.047726988792419434e-01 6.912369132041931152e-01
4.007932245731353760e-01 6.845518350601196289e-01
3.968505263328552246e-01 6.779041886329650879e-01
3.929445147514343262e-01 6.712942719459533691e-01
3.890751600265502930e-01 6.647220253944396973e-01
3.852424621582031250e-01 6.581872701644897461e-01
3.814463615417480469e-01 6.516902446746826172e-01
3.776866793632507324e-01 6.452307701110839844e-01
3.739635646343231201e-01 6.388088464736938477e-01
3.702768683433532715e-01 6.324245333671569824e-01
3.666265904903411865e-01 6.260777711868286133e-01
3.630126118659973145e-01 6.197686195373535156e-01
3.594349026679992676e-01 6.134969592094421387e-01
3.558934926986694336e-01 6.072627305984497070e-01
3.523882329463958740e-01 6.010662913322448730e-01
3.489191532135009766e-01 5.949071049690246582e-01
3.454861044883728027e-01 5.887854099273681641e-01
3.420890569686889648e-01 5.827012062072753906e-01
3.387280702590942383e-01 5.766546726226806641e-01
3.354029655456542969e-01 5.706454515457153320e-01
3.321137428283691406e-01 5.646737813949584961e-01
3.288603425025939941e-01 5.587396025657653809e-01
3.256426453590393066e-01 5.528427362442016602e-01
3.224607110023498535e-01 5.469834804534912109e-01
3.193143606185913086e-01 5.411615371704101562e-01
3.162036538124084473e-01 5.353773236274719238e-01
3.131284713745117188e-01 5.296302437782287598e-01
3.100887537002563477e-01 5.239207744598388672e-01
3.070844411849975586e-01 5.182487368583679199e-01
3.041154742240905762e-01 5.126140117645263672e-01
3.011817634105682373e-01 5.070168375968933105e-01
2.982833385467529297e-01 5.014572143554687500e-01
2.954199910163879395e-01 4.959350526332855225e-01
2.925918102264404297e-01 4.904501140117645264e-01
2.897986471652984619e-01 4.850028157234191895e-01
2.870404124259948730e-01 4.795929789543151855e-01
2.843170464038848877e-01 4.742207825183868408e-01
2.816285490989685059e-01 4.688857793807983398e-01
2.789747416973114014e-01 4.635884165763854980e-01
2.763556838035583496e-01 4.583287537097930908e-01
2.737711966037750244e-01 4.531062841415405273e-01
2.712212204933166504e-01 4.479215741157531738e-01
2.687056958675384521e-01 4.427745044231414795e-01
2.662245929241180420e-01 4.376648664474487305e-01
2.637777626514434814e-01 4.325929582118988037e-01
2.613651454448699951e-01 4.275586009025573730e-01
2.589866518974304199e-01 4.225620329380035400e-01
2.566421926021575928e-01 4.176029562950134277e-01
2.543316483497619629e-01 4.126817882061004639e-01
2.520550489425659180e-01 4.077982902526855469e-01
2.498122602701187134e-01 4.029526710510253906e-01
2.476031184196472168e-01 3.981448709964752197e-01
2.454275488853454590e-01 3.933749794960021973e-01
2.432855069637298584e-01 3.886430561542510986e-01
2.411768436431884766e-01 3.839491307735443115e-01
2.391015440225601196e-01 3.792932033538818359e-01
2.370593547821044922e-01 3.746754527091979980e-01
2.350503504276275635e-01 3.700958490371704102e-01
2.330742627382278442e-01 3.655545711517333984e-01
2.311310768127441406e-01 3.610516488552093506e-01
2.292206287384033203e-01 3.565871715545654297e-01
2.273427844047546387e-01 3.521610498428344727e-01
2.254975140094757080e-01 3.477737605571746826e-01
2.236845791339874268e-01 3.434251546859741211e-01
2.219039201736450195e-01 3.391152918338775635e-01
2.201553583145141602e-01 3.348444402217864990e-01
2.184388190507888794e-01 3.306127786636352539e-01
2.167540788650512695e-01 3.264203667640686035e-01
2.151010036468505859e-01 3.222673535346984863e-01
2.134794890880584717e-01 3.181538283824920654e-01
2.118893116712570190e-01 3.140800893306732178e-01
2.103303819894790649e-01 3.100465536117553711e-01
2.088024616241455078e-01 3.060530126094818115e-01
2.073054015636444092e-01 3.020999431610107422e-01
2.058389633893966675e-01 2.981877326965332031e-01
2.044029831886291504e-01 2.943162322044372559e-01
2.029972672462463379e-01 2.904862761497497559e-01
2.016215771436691284e-01 2.866978049278259277e-01
2.002757191658020020e-01 2.829513251781463623e-01
1.989593654870986938e-01 2.792472541332244873e-01
1.976723670959472656e-01 2.755861878395080566e-01
1.964143812656402588e-01 2.719683349132537842e-01
1.951851546764373779e-01 2.683943510055541992e-01
1.939843893051147461e-01 2.648648619651794434e-01
1.928117573261260986e-01 2.613805532455444336e-01
1.916669160127639771e-01 2.579420804977416992e-01
1.905495077371597290e-01 2.545500397682189941e-01
1.894591152667999268e-01 2.512057125568389893e-01
1.883953213691711426e-01 2.479097545146942139e-01
1.873577237129211426e-01 2.446633577346801758e-01
1.863457262516021729e-01 2.414677590131759644e-01
1.853588670492172241e-01 2.383241802453994751e-01
1.843965351581573486e-01 2.352340966463088989e-01
1.834581196308135986e-01 2.321990430355072021e-01
1.825428903102874756e-01 2.292208969593048096e-01
1.816501617431640625e-01 2.263015061616897583e-01
1.807790100574493408e-01 2.234426438808441162e-01
1.799286156892776489e-01 2.206466794013977051e-01
1.790978610515594482e-01 2.179155647754669189e-01
1.782858371734619141e-01 2.152516245841979980e-01
1.774912774562835693e-01 2.126566767692565918e-01
1.767129898071289062e-01 2.101324349641799927e-01
1.759496331214904785e-01 2.076801806688308716e-01
1.751998662948608398e-01 2.053004503250122070e-01
1.744623184204101562e-01 2.029929012060165405e-01
1.737356930971145630e-01 2.007561922073364258e-01
1.730187535285949707e-01 1.985877603292465210e-01
1.723103523254394531e-01 1.964841485023498535e-01
1.716094315052032471e-01 1.944406628608703613e-01
1.709153354167938232e-01 1.924522221088409424e-01
1.702274084091186523e-01 1.905132681131362915e-01
1.695453971624374390e-01 1.886182576417922974e-01
1.688689589500427246e-01 1.867619752883911133e-01
1.681980937719345093e-01 1.849396824836730957e-01
1.675328463315963745e-01 1.831471920013427734e-01
1.668733209371566772e-01 1.813808977603912354e-01
1.662197113037109375e-01 1.796380132436752319e-01
1.655721366405487061e-01 1.779160052537918091e-01
1.649308800697326660e-01 1.762130558490753174e-01
1.642960906028747559e-01 1.745278090238571167e-01
1.636680215597152710e-01 1.728588938713073730e-01
1.630468070507049561e-01 1.712055802345275879e-01
1.624326109886169434e-01 1.695673316717147827e-01
1.618256270885467529e-01 1.679436117410659790e-01
1.612260192632675171e-01 1.663341075181961060e-01
1.606338918209075928e-01 1.647386550903320312e-01
1.600493490695953369e-01 1.631571948528289795e-01
1.594725251197814941e-01 1.615894883871078491e-01
1.589034497737884521e-01 1.600357890129089355e-01
1.583423018455505371e-01 1.584960520267486572e-01
1.577890515327453613e-01 1.569705158472061157e-01
1.572438329458236694e-01 1.554593592882156372e-01
1.567066311836242676e-01 1.539628058671951294e-01
1.561774760484695435e-01 1.524812728166580200e-01
1.556564569473266602e-01 1.510150432586669922e-01
1.551435291767120361e-01 1.495644897222518921e-01
1.546387076377868652e-01 1.481300890445709229e-01
1.541418880224227905e-01 1.467123031616210938e-01
1.536531746387481689e-01 1.453115493059158325e-01
1.531723737716674805e-01 1.439283639192581177e-01
1.526995599269866943e-01 1.425632685422897339e-01
1.522345542907714844e-01 1.412166953086853027e-01
1.517773717641830444e-01 1.398892551660537720e-01
1.513278484344482422e-01 1.385815739631652832e-01
1.508859246969223022e-01 1.372940391302108765e-01
1.504515111446380615e-01 1.360272765159606934e-01
1.500243991613388062e-01 1.347820162773132324e-01
1.496045887470245361e-01 1.335587799549102783e-01
1.491918116807937622e-01 1.323581933975219727e-01
1.487859785556793213e-01 1.311809122562408447e-01
1.483869105577468872e-01 1.300276219844818115e-01
1.479944288730621338e-01 1.288989931344985962e-01
1.476083546876907349e-01 1.277958154678344727e-01
1.472285389900207520e-01 1.267188638448715210e-01
1.468546688556671143e-01 1.256688088178634644e-01
1.464866101741790771e-01 1.246464848518371582e-01
1.461241245269775391e-01 1.236527338624000549e-01
1.457669734954833984e-01 1.226884275674819946e-01
1.454148590564727783e-01 1.217542290687561035e-01
1.450675427913665771e-01 1.208511069416999817e-01
1.447247862815856934e-01 1.199798062443733215e-01
1.443862617015838623e-01 1.191411092877388000e-01
1.440516710281372070e-01 1.183356568217277527e-01
1.437207311391830444e-01 1.175639256834983826e-01
1.433931738138198853e-01 1.168265268206596375e-01
1.430686116218566895e-01 1.161235049366950989e-01
1.427467763423919678e-01 1.154549643397331238e-01
1.424273550510406494e-01 1.148204281926155090e-01
1.421100795269012451e-01 1.142192631959915161e-01
1.417945623397827148e-01 1.136504933238029480e-01
1.414806991815567017e-01 1.131126135587692261e-01
1.411681473255157471e-01 1.126038506627082825e-01
1.408566832542419434e-01 1.121221333742141724e-01
1.405462324619293213e-01 1.116649210453033447e-01
1.402364969253540039e-01 1.112297400832176208e-01
1.399274766445159912e-01 1.108139455318450928e-01
1.396190524101257324e-01 1.104150563478469849e-01
1.393111348152160645e-01 1.100305616855621338e-01
1.390036940574645996e-01 1.096582636237144470e-01
1.386967748403549194e-01 1.092962995171546936e-01
1.383903473615646362e-01 1.089429929852485657e-01
1.380844116210937500e-01 1.085970103740692139e-01
1.377789229154586792e-01 1.082573160529136658e-01
1.374740153551101685e-01 1.079232767224311829e-01
1.371696591377258301e-01 1.075942888855934143e-01
1.368659138679504395e-01 1.072701364755630493e-01
1.365627944469451904e-01 1.069506928324699402e-01
1.362603008747100830e-01 1.066359207034111023e-01
1.359585076570510864e-01 1.063259690999984741e-01
1.356573551893234253e-01 1.060210838913917542e-01
1.353569328784942627e-01 1.057214438915252686e-01
1.350572407245635986e-01 1.054273769259452820e-01
1.347582936286926270e-01 1.051391735672950745e-01
1.344600766897201538e-01 1.048570722341537476e-01
1.341626346111297607e-01 1.045815944671630859e-01
1.338659077882766724e-01 1.043127626180648804e-01
1.335699409246444702e-01 1.040509194135665894e-01
1.332747489213943481e-01 1.037962511181831360e-01
1.329802572727203369e-01 1.035489067435264587e-01
1.326864957809448242e-01 1.033089831471443176e-01
1.323934644460678101e-01 1.030765771865844727e-01
1.321010738611221313e-01 1.028516590595245361e-01
1.318094134330749512e-01 1.026340872049331665e-01
1.315184980630874634e-01 1.024239137768745422e-01
1.312281638383865356e-01 1.022210493683815002e-01
1.309385001659393311e-01 1.020251289010047913e-01
1.306494772434234619e-01 1.018360108137130737e-01
1.303610056638717651e-01 1.016533747315406799e-01
1.300732344388961792e-01 1.014769077301025391e-01
1.297860145568847656e-01 1.013062447309494019e-01
1.294994056224822998e-01 1.011411473155021667e-01
1.292133480310440063e-01 1.009811088442802429e-01
1.289278268814086914e-01 1.008258536458015442e-01
1.286429017782211304e-01 1.006749570369720459e-01
1.283584982156753540e-01 1.005280613899230957e-01
1.280746906995773315e-01 1.003848239779472351e-01
1.277913898229598999e-01 1.002448201179504395e-01
1.275086104869842529e-01 1.001079007983207703e-01
1.272263973951339722e-01 9.997363388538360596e-02
1.269447058439254761e-01 9.984175115823745728e-02
1.266634762287139893e-01 9.971195459365844727e-02
1.263828426599502563e-01 9.958412498235702515e-02
1.261026859283447266e-01 9.945791214704513550e-02
1.258231103420257568e-01 9.933324903249740601e-02
1.255440413951873779e-01 9.920983016490936279e-02
1.252654939889907837e-01 9.908749908208847046e-02
1.249874904751777649e-01 9.896625578403472900e-02
1.247100085020065308e-01 9.884583204984664917e-02
1.244330555200576782e-01 9.872604906558990479e-02
1.241566762328147888e-01 9.860697388648986816e-02
1.238808035850524902e-01 9.848834574222564697e-02
1.236054897308349609e-01 9.837027639150619507e-02
1.233306974172592163e-01 9.825246036052703857e-02
1.230564266443252563e-01 9.813501685857772827e-02
1.227827370166778564e-01 9.801778942346572876e-02
1.225096061825752258e-01 9.790071099996566772e-02
1.222370043396949768e-01 9.778384864330291748e-02
1.219649463891983032e-01 9.766697883605957031e-02
1.216934695839881897e-01 9.755033254623413086e-02
1.214224994182586670e-01 9.743352979421615601e-02
1.211521252989768982e-01 9.731695055961608887e-02
1.208823174238204956e-01 9.720028936862945557e-02
1.206130385398864746e-01 9.708354622125625610e-02
1.203443557024002075e-01 9.696687757968902588e-02
1.200761795043945312e-01 9.685012698173522949e-02
1.198085919022560120e-01 9.673337638378143311e-02
1.195415705442428589e-01 9.661650657653808594e-02
1.192751079797744751e-01 9.649967402219772339e-02
1.190092116594314575e-01 9.638265520334243774e-02
1.187438592314720154e-01 9.626577794551849365e-02
1.184790730476379395e-01 9.614860266447067261e-02
1.182148382067680359e-01 9.603175520896911621e-02
1.179511994123458862e-01 9.591435641050338745e-02
1.176880896091461182e-01 9.579779952764511108e-02
1.174255385994911194e-01 9.567965567111968994e-02
1.171635910868644714e-01 9.556391090154647827e-02
1.169021204113960266e-01 9.544421732425689697e-02
1.166412830352783203e-01 9.533122181892395020e-02
1.163809895515441895e-01 9.520611912012100220e-02
1.161212399601936340e-01 9.510418772697448730e-02
1.158620566129684448e-01 9.495528042316436768e-02
1.156034395098686218e-01 9.490609914064407349e-02
1.153453588485717773e-01 9.463390707969665527e-02
1.150878369808197021e-01 9.487190842628479004e-02
1.148310154676437378e-01 9.392570704221725464e-02
1.145753264427185059e-01 9.515205770730972290e-02
1.143203526735305786e-01 9.343751519918441772e-02
1.140651106834411621e-01 9.456538408994674683e-02
1.138095781207084656e-01 9.365817904472351074e-02
1.135551407933235168e-01 9.404638409614562988e-02
1.133014410734176636e-01 9.359707683324813843e-02
1.130484342575073242e-01 9.372589737176895142e-02
1.127959638833999634e-01 9.342151880264282227e-02
1.125440225005149841e-01 9.347060322761535645e-02
1.122926324605941772e-01 9.320627152919769287e-02
1.120417639613151550e-01 9.324309974908828735e-02
1.117914319038391113e-01 9.296716749668121338e-02
1.115416735410690308e-01 9.304016828536987305e-02
1.112924814224243164e-01 9.269577264785766602e-02
1.110437363386154175e-01 9.288002550601959229e-02
1.107956469058990479e-01 9.235698729753494263e-02
1.105480864644050598e-01 9.280098974704742432e-02
1.103011071681976318e-01 9.191466867923736572e-02
1.100548058748245239e-01 9.273838996887207031e-02
1.098089367151260376e-01 9.157723933458328247e-02
1.095636337995529175e-01 9.244576841592788696e-02
1.093185544013977051e-01 9.148450940847396851e-02
1.090740561485290527e-01 9.206431359052658081e-02
1.088300943374633789e-01 9.138333052396774292e-02
1.085867285728454590e-01 9.174913913011550903e-02
1.083438768982887268e-01 9.121569246053695679e-02
1.081016510725021362e-01 9.149262309074401855e-02
1.078599169850349426e-01 9.100066125392913818e-02
1.076186969876289368e-01 9.127690643072128296e-02
1.073780208826065063e-01 9.074663370847702026e-02
1.071378886699676514e-01 9.109756350517272949e-02
1.068982854485511780e-01 9.045229107141494751e-02
1.066592559218406677e-01 9.094823896884918213e-02
1.064207404851913452e-01 9.013520181179046631e-02
1.061827689409255981e-01 9.078469872474670410e-02
1.059453040361404419e-01 8.986519277095794678e-02
1.057083457708358765e-01 9.054704010486602783e-02
1.054718121886253357e-01 8.967721462249755859e-02
1.052358746528625488e-01 9.026069194078445435e-02
1.050003170967102051e-01 8.951350301504135132e-02
1.047654077410697937e-01 8.998402208089828491e-02
1.045309379696846008e-01 8.932924270629882812e-02
1.042970418930053711e-01 8.973719924688339233e-02
1.040636599063873291e-01 8.911580592393875122e-02
1.038307920098304749e-01 8.951888978481292725e-02
1.035984158515930176e-01 8.887550979852676392e-02
1.033666282892227173e-01 8.932296931743621826e-02
1.031352803111076355e-01 8.861573785543441772e-02
1.029045134782791138e-01 8.913637697696685791e-02
1.026741936802864075e-01 8.835488557815551758e-02
1.024444475769996643e-01 8.893632888793945312e-02
1.022151708602905273e-01 8.811827749013900757e-02
1.019863784313201904e-01 8.870774507522583008e-02
1.017580926418304443e-01 8.791166543960571289e-02
1.015303134918212891e-01 8.846069127321243286e-02
1.013030037283897400e-01 8.771701902151107788e-02
1.010762453079223633e-01 8.821550756692886353e-02
1.008499190211296082e-01 8.751560747623443604e-02
1.006241440773010254e-01 8.798385411500930786e-02
1.003988459706306458e-01 8.729998767375946045e-02
1.001741141080856323e-01 8.776751160621643066e-02
9.994981437921524048e-02 8.707055449485778809e-02
9.972604364156723022e-02 8.756216615438461304e-02
9.950275719165802002e-02 8.683324605226516724e-02
9.927996993064880371e-02 8.735930919647216797e-02
9.905766695737838745e-02 8.659850060939788818e-02
9.883589297533035278e-02 8.714901655912399292e-02
9.861455857753753662e-02 8.637546747922897339e-02
9.839376062154769897e-02 8.692713081836700439e-02
9.817340224981307983e-02 8.616468310356140137e-02
9.795355796813964844e-02 8.669826388359069824e-02
9.773417562246322632e-02 8.595894277095794678e-02
9.751531481742858887e-02 8.647054433822631836e-02
9.729687869548797607e-02 8.575055748224258423e-02
9.707898646593093872e-02 8.624938130378723145e-02
9.686154872179031372e-02 8.553562313318252563e-02
9.664458036422729492e-02 8.603567630052566528e-02
9.642809629440307617e-02 8.531440794467926025e-02
9.621211886405944824e-02 8.582719415426254272e-02
9.599661082029342651e-02 8.509066700935363770e-02
9.578158706426620483e-02 8.561921119689941406e-02
9.556700289249420166e-02 8.486905694007873535e-02
9.535295516252517700e-02 8.540778607130050659e-02
9.513930231332778931e-02 8.465301245450973511e-02
9.492617845535278320e-02 8.519178628921508789e-02
9.471347928047180176e-02 8.444239944219589233e-02
9.450127929449081421e-02 8.497327566146850586e-02
9.428951889276504517e-02 8.423399180173873901e-02
9.407819807529449463e-02 8.475556969642639160e-02
9.386736154556274414e-02 8.402456343173980713e-02
9.365701675415039062e-02 8.454132825136184692e-02
9.344708174467086792e-02 8.381218463182449341e-02
9.323766827583312988e-02 8.433086425065994263e-02
9.302864223718643188e-02 8.359730988740921021e-02
9.282015264034271240e-02 8.412276208400726318e-02
9.261201322078704834e-02 8.338178694248199463e-02
9.240441769361495972e-02 8.391498774290084839e-02
9.219716489315032959e-02 8.316785097122192383e-02
9.199043363332748413e-02 8.370571583509445190e-02
9.178409725427627563e-02 8.295662701129913330e-02
9.157823771238327026e-02 8.349473774433135986e-02
9.137275815010070801e-02 8.274796605110168457e-02
9.116777777671813965e-02 8.328312635421752930e-02
9.096316248178482056e-02 8.254032582044601440e-02
9.075897932052612305e-02 8.307230472564697266e-02
9.055520594120025635e-02 8.233236521482467651e-02
9.035186469554901123e-02 8.286330103874206543e-02
9.014890342950820923e-02 8.212316036224365234e-02
8.994640409946441650e-02 8.265626430511474609e-02
8.974423259496688843e-02 8.191309124231338501e-02
8.954250812530517578e-02 8.245038241147994995e-02
8.934112638235092163e-02 8.170316368341445923e-02
8.914018422365188599e-02 8.224475383758544922e-02
8.893956243991851807e-02 8.149418234825134277e-02
8.873938769102096558e-02 8.203852921724319458e-02
8.853950351476669312e-02 8.128658682107925415e-02
8.834003657102584839e-02 8.183184266090393066e-02
8.814089000225067139e-02 8.108014613389968872e-02
8.794215321540832520e-02 8.162501454353332520e-02
8.774374425411224365e-02 8.087413012981414795e-02
8.754571527242660522e-02 8.141881972551345825e-02
8.734802901744842529e-02 8.066794276237487793e-02
8.715067803859710693e-02 8.121360093355178833e-02
8.695369213819503784e-02 8.046127110719680786e-02
8.675705641508102417e-02 8.100932091474533081e-02
8.656076341867446899e-02 8.025445789098739624e-02
8.636485785245895386e-02 8.080553263425827026e-02
8.616928011178970337e-02 8.004777878522872925e-02
8.597408235073089600e-02 8.060193061828613281e-02
8.577921241521835327e-02 7.984169572591781616e-02
8.558469265699386597e-02 8.039821684360504150e-02
8.539052307605743408e-02 7.963635772466659546e-02
8.519674092531204224e-02 8.019448816776275635e-02
8.500325679779052734e-02 7.943148165941238403e-02
8.481017500162124634e-02 7.999099045991897583e-02
8.461740612983703613e-02 7.922690361738204956e-02
8.442502468824386597e-02 7.978794723749160767e-02
8.423298597335815430e-02 7.902239263057708740e-02
8.404128998517990112e-02 7.958547025918960571e-02
8.384996652603149414e-02 7.881787419319152832e-02
8.365900069475173950e-02 7.938371598720550537e-02
8.346835523843765259e-02 7.861338555812835693e-02
8.327809721231460571e-02 7.918234914541244507e-02
8.308816701173782349e-02 7.840909808874130249e-02
8.289863169193267822e-02 7.898137718439102173e-02
8.270941674709320068e-02 7.820527255535125732e-02
8.252056688070297241e-02 7.878076285123825073e-02
8.233204483985900879e-02 7.800181955099105835e-02
8.214391022920608521e-02 7.858033478260040283e-02
8.195609599351882935e-02 7.779879122972488403e-02
8.176869153976440430e-02 7.838018983602523804e-02
8.158157765865325928e-02 7.759599387645721436e-02
8.139484375715255737e-02 7.818070799112319946e-02
8.120843768119812012e-02 7.739346474409103394e-02
8.102242648601531982e-02 7.798171043395996094e-02
8.083675801753997803e-02 7.719106972217559814e-02
8.065141737461090088e-02 7.778329402208328247e-02
8.046643435955047607e-02 7.698880136013031006e-02
8.028180152177810669e-02 7.758560031652450562e-02
8.009754121303558350e-02 7.678680121898651123e-02
7.991360872983932495e-02 7.738836109638214111e-02
7.973000407218933105e-02 7.658513635396957397e-02
7.954674959182739258e-02 7.719150185585021973e-02
7.936386764049530029e-02 7.638389617204666138e-02
7.918134331703186035e-02 7.699515670537948608e-02
7.899916172027587891e-02 7.618308812379837036e-02
7.881730794906616211e-02 7.679932564496994019e-02
7.863580435514450073e-02 7.598254084587097168e-02
7.845463603734970093e-02 7.660407572984695435e-02
7.827381789684295654e-02 7.578232884407043457e-02
7.809333503246307373e-02 7.640953361988067627e-02
7.791322469711303711e-02 7.558231055736541748e-02
7.773339748382568359e-02 7.621569931507110596e-02
7.755397260189056396e-02 7.538259029388427734e-02
7.737486064434051514e-02 7.602250576019287109e-02
7.719609141349792480e-02 7.518339902162551880e-02
7.701764255762100220e-02 7.582975178956985474e-02
7.683952152729034424e-02 7.498475909233093262e-02
7.666175812482833862e-02 7.563751190900802612e-02
7.648432254791259766e-02 7.478658109903335571e-02
7.630719244480133057e-02 7.544583827257156372e-02
7.613044232130050659e-02 7.458892464637756348e-02
7.595398277044296265e-02 7.525493204593658447e-02
7.577785849571228027e-02 7.439178973436355591e-02
7.560205459594726562e-02 7.506433129310607910e-02
7.542662322521209717e-02 7.419524341821670532e-02
7.525144517421722412e-02 7.487417012453079224e-02
7.507663965225219727e-02 7.399944216012954712e-02
7.490210235118865967e-02 7.468441873788833618e-02
7.472794502973556519e-02 7.380438596010208130e-02
7.455406337976455688e-02 7.449499517679214478e-02
7.438050210475921631e-02 7.360997051000595093e-02
7.420723885297775269e-02 7.430591434240341187e-02
7.403429597616195679e-02 7.341639697551727295e-02
7.386164367198944092e-02 7.411704212427139282e-02
7.368931919336318970e-02 7.322353124618530273e-02
7.351729273796081543e-02 7.392828166484832764e-02
7.334557175636291504e-02 7.303155958652496338e-02
7.317409664392471313e-02 7.373946905136108398e-02
7.300297170877456665e-02 7.284039258956909180e-02
7.283209264278411865e-02 7.355067133903503418e-02
7.266155630350112915e-02 7.265005260705947876e-02
7.249125093221664429e-02 7.336176186800003052e-02
7.232125848531723022e-02 7.246040552854537964e-02
7.215150445699691772e-02 7.317277044057846069e-02
7.198204845190048218e-02 7.227152585983276367e-02
7.181284576654434204e-02 7.298357039690017700e-02
7.164397835731506348e-02 7.208330184221267700e-02
7.147529721260070801e-02 7.279413193464279175e-02
7.130692899227142334e-02 7.189565151929855347e-02
7.113876193761825562e-02 7.260440289974212646e-02
7.097090035676956177e-02 7.170858979225158691e-02
7.080323249101638794e-02 7.241436839103698730e-02
7.063587754964828491e-02 7.152196764945983887e-02
7.046869397163391113e-02 7.222410291433334351e-02
7.030185312032699585e-02 7.133580744266510010e-02
7.013517618179321289e-02 7.203335314989089966e-02
6.996877491474151611e-02 7.115007936954498291e-02
6.980255991220474243e-02 7.184211909770965576e-02
6.963659822940826416e-02 7.096475362777709961e-02
6.947085261344909668e-02 7.165040820837020874e-02
6.930538266897201538e-02 7.077961415052413940e-02
6.914007663726806641e-02 7.145834714174270630e-02
6.897504627704620361e-02 7.059467583894729614e-02
6.881016492843627930e-02 7.126580923795700073e-02
6.864558905363082886e-02 7.040978968143463135e-02
6.848113983869552612e-02 7.107277214527130127e-02
6.831699609756469727e-02 7.022511959075927734e-02
6.815299391746520996e-02 7.087929546833038330e-02
6.798925995826721191e-02 7.004040479660034180e-02
6.782568246126174927e-02 7.068525999784469604e-02
6.766236573457717896e-02 6.985558569431304932e-02
6.749919801950454712e-02 7.049079239368438721e-02
6.733630597591400146e-02 6.967072933912277222e-02
6.717358529567718506e-02 7.029580324888229370e-02
6.701109558343887329e-02 6.948577612638473511e-02
6.684874743223190308e-02 7.010026276111602783e-02
6.668668240308761597e-02 6.930056214332580566e-02
6.652473658323287964e-02 6.990420818328857422e-02
6.636307388544082642e-02 6.911512464284896851e-02
6.620153784751892090e-02 6.970773637294769287e-02
6.604025512933731079e-02 6.892924755811691284e-02
6.587912142276763916e-02 6.951085478067398071e-02
6.571823358535766602e-02 6.874293088912963867e-02
6.555749475955963135e-02 6.931364536285400391e-02
6.539700925350189209e-02 6.855602562427520752e-02
6.523667275905609131e-02 6.911616027355194092e-02
6.507655978202819824e-02 6.836872547864913940e-02
6.491657346487045288e-02 6.891816854476928711e-02
6.475687026977539062e-02 6.818082928657531738e-02
6.459728628396987915e-02 6.871993094682693481e-02
6.443793326616287231e-02 6.799226999282836914e-02
6.427871435880661011e-02 6.852135062217712402e-02
6.411973387002944946e-02 6.780309975147247314e-02
6.396089494228363037e-02 6.832262873649597168e-02
6.380227953195571899e-02 6.761319935321807861e-02
6.364379078149795532e-02 6.812363117933273315e-02
6.348556280136108398e-02 6.742263585329055786e-02
6.332742422819137573e-02 6.792455166578292847e-02
6.316954642534255981e-02 6.723129004240036011e-02
6.301176548004150391e-02 6.772527098655700684e-02
6.285423785448074341e-02 6.703932583332061768e-02
6.269679963588714600e-02 6.752578169107437134e-02
6.253961473703384399e-02 6.684667617082595825e-02
6.238254159688949585e-02 6.732624769210815430e-02
6.222571432590484619e-02 6.665335595607757568e-02
6.206898018717765808e-02 6.712654978036880493e-02
6.191250681877136230e-02 6.645935773849487305e-02
6.175611168146133423e-02 6.692674756050109863e-02
6.159999221563339233e-02 6.626484543085098267e-02
6.144395843148231506e-02 6.672680377960205078e-02
6.128820031881332397e-02 6.606975942850112915e-02
6.113252043724060059e-02 6.652685999870300293e-02
6.097708269953727722e-02 6.587409973144531250e-02
6.082179024815559387e-02 6.632675230503082275e-02
6.066673994064331055e-02 6.567794084548950195e-02
6.051180884242057800e-02 6.612657755613327026e-02
6.035711616277694702e-02 6.548134237527847290e-02
6.020254641771316528e-02 6.592643260955810547e-02
6.004824489355087280e-02 6.528431177139282227e-02
5.989405512809753418e-02 6.572619080543518066e-02
5.974014103412628174e-02 6.508690118789672852e-02
5.958634614944458008e-02 6.552577018737792969e-02
5.943279713392257690e-02 6.488928198814392090e-02
5.927938967943191528e-02 6.532525271177291870e-02
5.912626162171363831e-02 6.469137966632843018e-02
5.897326767444610596e-02 6.512449681758880615e-02
5.882053822278976440e-02 6.449317932128906250e-02
5.866792052984237671e-02 6.492371857166290283e-02
5.851561576128005981e-02 6.429470330476760864e-02
5.836343020200729370e-02 6.472291797399520874e-02
5.821152776479721069e-02 6.409589946269989014e-02
5.805977433919906616e-02 6.452215462923049927e-02
5.790830403566360474e-02 6.389680504798889160e-02
5.775696039199829102e-02 6.432130187749862671e-02
5.760592594742774963e-02 6.369753926992416382e-02
5.745502561330795288e-02 6.412035226821899414e-02
5.730441957712173462e-02 6.349797546863555908e-02
5.715395510196685791e-02 6.391934305429458618e-02
5.700380355119705200e-02 6.329837441444396973e-02
5.685380473732948303e-02 6.371817737817764282e-02
5.670408904552459717e-02 6.309857219457626343e-02
5.655453354120254517e-02 6.351693719625473022e-02
5.640529468655586243e-02 6.289870291948318481e-02
5.625621229410171509e-02 6.331556290388107300e-02
5.610742047429084778e-02 6.269863992929458618e-02
5.595878884196281433e-02 6.311418116092681885e-02
5.581048130989074707e-02 6.249842047691345215e-02
5.566232651472091675e-02 6.291263550519943237e-02
5.551450327038764954e-02 6.229798495769500732e-02
5.536682158708572388e-02 6.271111965179443359e-02
5.521946772933006287e-02 6.209745630621910095e-02
5.507226660847663879e-02 6.250959634780883789e-02
5.492540076375007629e-02 6.189677491784095764e-02
5.477869510650634766e-02 6.230792403221130371e-02
5.463235825300216675e-02 6.169600412249565125e-02
5.448613315820693970e-02 6.210627779364585876e-02
5.434025824069976807e-02 6.149505451321601868e-02
5.419456213712692261e-02 6.190448626875877380e-02
5.404921621084213257e-02 6.129396334290504456e-02
5.390401929616928101e-02 6.170278415083885193e-02
5.375916510820388794e-02 6.109287589788436890e-02
5.361448973417282104e-02 6.150076165795326233e-02
5.347017198801040649e-02 6.089171022176742554e-02
5.332602560520172119e-02 6.129877269268035889e-02
5.318219959735870361e-02 6.069040298461914062e-02
5.303857848048210144e-02 6.109676510095596313e-02
5.289527773857116699e-02 6.048899143934249878e-02
5.275219678878784180e-02 6.089467927813529968e-02
5.260945111513137817e-02 6.028750166296958923e-02
5.246691778302192688e-02 6.069251894950866699e-02
5.232470482587814331e-02 6.008594110608100891e-02
5.218270048499107361e-02 6.049033999443054199e-02
5.204103887081146240e-02 5.988425388932228088e-02
5.189960077404975891e-02 6.028820574283599854e-02
5.175849050283432007e-02 5.968243628740310669e-02
5.161757022142410278e-02 6.008594110608100891e-02
5.147702619433403015e-02 5.948061123490333557e-02
5.133671686053276062e-02 5.988366901874542236e-02
5.119670927524566650e-02 5.927872285246849060e-02
5.105693638324737549e-02 5.968132987618446350e-02
5.091753602027893066e-02 5.907682701945304871e-02
5.077834799885749817e-02 5.947886779904365540e-02
5.063952878117561340e-02 5.887484550476074219e-02
5.050090327858924866e-02 5.927645787596702576e-02
5.036264657974243164e-02 5.867277458310127258e-02
5.022461339831352234e-02 5.907392874360084534e-02
5.008694902062416077e-02 5.847061797976493835e-02
4.994951561093330383e-02 5.887145921587944031e-02
4.981245845556259155e-02 5.826846510171890259e-02
4.967560991644859314e-02 5.866887420415878296e-02
4.953914135694503784e-02 5.806617438793182373e-02
4.940288513898849487e-02 5.846632272005081177e-02
4.926701262593269348e-02 5.786386504769325256e-02
4.913140088319778442e-02 5.826377496123313904e-02
4.899615049362182617e-02 5.766153335571289062e-02
4.886112734675407410e-02 5.806123465299606323e-02
4.872647672891616821e-02 5.745915696024894714e-02
4.859208688139915466e-02 5.785864591598510742e-02
4.845809936523437500e-02 5.725673586130142212e-02
4.832432046532630920e-02 5.765592306852340698e-02
4.819095134735107422e-02 5.705427750945091248e-02
4.805777966976165771e-02 5.745327100157737732e-02
4.792502894997596741e-02 5.685183033347129822e-02
4.779253527522087097e-02 5.725057423114776611e-02
4.766043648123741150e-02 5.664932355284690857e-02
4.752856492996215820e-02 5.704789608716964722e-02
4.739711061120033264e-02 5.644680559635162354e-02
4.726590216159820557e-02 5.684523656964302063e-02
4.713507369160652161e-02 5.624422803521156311e-02
4.700453579425811768e-02 5.664253979921340942e-02
4.687437787652015686e-02 5.604164674878120422e-02
4.674450680613517761e-02 5.643980950117111206e-02
4.661500826478004456e-02 5.583909526467323303e-02
4.648576304316520691e-02 5.623710528016090393e-02
4.635694995522499084e-02 5.563642829656600952e-02
4.622841253876686096e-02 5.603445321321487427e-02
4.610027000308036804e-02 5.543385446071624756e-02
4.597240313887596130e-02 5.583177134394645691e-02
4.584494605660438538e-02 5.523119866847991943e-02
4.571774974465370178e-02 5.562911927700042725e-02
4.559097066521644592e-02 5.502857640385627747e-02
4.546446353197097778e-02 5.542650073766708374e-02
4.533840715885162354e-02 5.482591316103935242e-02
4.521258920431137085e-02 5.522383004426956177e-02
4.508720338344573975e-02 5.462336912751197815e-02
4.496209323406219482e-02 5.502119660377502441e-02
4.483742639422416687e-02 5.442069843411445618e-02
4.471304267644882202e-02 5.481871217489242554e-02
4.458910226821899414e-02 5.421802029013633728e-02
4.446540772914886475e-02 5.461620911955833435e-02
4.434216022491455078e-02 5.401538312435150146e-02
4.421918466687202454e-02 5.441374704241752625e-02
4.409667104482650757e-02 5.381282418966293335e-02
4.397445172071456909e-02 5.421116203069686890e-02
4.385263100266456604e-02 5.361036956310272217e-02
4.373113811016082764e-02 5.400862544775009155e-02
4.361008852720260620e-02 5.340790748596191406e-02
4.348932579159736633e-02 5.380618572235107422e-02
4.336901009082794189e-02 5.320539325475692749e-02
4.324899986386299133e-02 5.360379815101623535e-02
4.312940686941146851e-02 5.300287529826164246e-02
4.301013797521591187e-02 5.340151861310005188e-02
4.289134219288825989e-02 5.280030891299247742e-02
4.277281090617179871e-02 5.319934338331222534e-02
4.265474528074264526e-02 5.259785428643226624e-02
4.253699257969856262e-02 5.299722403287887573e-02
4.241969808936119080e-02 5.239546298980712891e-02
4.230270162224769592e-02 5.279507860541343689e-02
4.218618199229240417e-02 5.219313502311706543e-02
4.206995666027069092e-02 5.259298905730247498e-02
4.195422679185867310e-02 5.199092254042625427e-02
4.183877259492874146e-02 5.239087715744972229e-02
4.172380641102790833e-02 5.178872868418693542e-02
4.160915315151214600e-02 5.218891426920890808e-02
4.149498790502548218e-02 5.158651992678642273e-02
4.138111323118209839e-02 5.198709294199943542e-02
4.126773402094841003e-02 5.138438194990158081e-02
4.115466028451919556e-02 5.178530886769294739e-02
4.104207828640937805e-02 5.118228867650032043e-02
4.092979803681373596e-02 5.158362165093421936e-02
4.081803560256958008e-02 5.098027363419532776e-02
4.070658236742019653e-02 5.138200148940086365e-02
4.059560969471931458e-02 5.077838897705078125e-02
4.048495739698410034e-02 5.118045583367347717e-02
4.037480428814888000e-02 5.057658255100250244e-02
4.026500135660171509e-02 5.097903683781623840e-02
4.015565291047096252e-02 5.037475004792213440e-02
4.004665091633796692e-02 5.077771842479705811e-02
3.993817046284675598e-02 5.017299950122833252e-02
3.983000665903091431e-02 5.057658255100250244e-02
3.972233831882476807e-02 4.997133463621139526e-02
3.961501643061637878e-02 5.037547275424003601e-02
3.950816765427589417e-02 4.976978152990341187e-02
3.940169885754585266e-02 5.017449334263801575e-02
3.929573297500610352e-02 4.956839978694915771e-02
3.919008746743202209e-02 4.997354745864868164e-02
3.908495977520942688e-02 4.936713352799415588e-02
3.898018226027488708e-02 4.977278783917427063e-02
3.887593373656272888e-02 4.916585609316825867e-02
3.877201303839683533e-02 4.957219585776329041e-02
3.866858035326004028e-02 4.896472394466400146e-02
3.856555745005607605e-02 4.937168955802917480e-02
3.846301510930061340e-02 4.876371473073959351e-02
3.836083039641380310e-02 4.917132854461669922e-02
3.825918212532997131e-02 4.856269806623458862e-02
3.815786540508270264e-02 4.897116124629974365e-02
3.805709630250930786e-02 4.836199060082435608e-02
3.795668110251426697e-02 4.877113923430442810e-02
3.785678371787071228e-02 4.816123098134994507e-02
3.775726258754730225e-02 4.857131466269493103e-02
3.765827417373657227e-02 4.796065390110015869e-02
3.755963221192359924e-02 4.837156087160110474e-02
3.746155649423599243e-02 4.776028543710708618e-02
3.736379370093345642e-02 4.817195609211921692e-02
3.726661205291748047e-02 4.755999892950057983e-02
3.716980293393135071e-02 4.797258600592613220e-02
3.707351163029670715e-02 4.735987260937690735e-02
3.697761520743370056e-02 4.777333885431289673e-02
3.688223659992218018e-02 4.715980589389801025e-02
3.678723424673080444e-02 4.757434874773025513e-02
3.669278696179389954e-02 4.695995524525642395e-02
3.659872710704803467e-02 4.737554118037223816e-02
3.650522604584693909e-02 4.676022380590438843e-02
3.641206771135330200e-02 4.717684164643287659e-02
3.631949424743652344e-02 4.656070843338966370e-02
3.622728958725929260e-02 4.697835072875022888e-02
3.613564372062683105e-02 4.636136442422866821e-02
3.604438528418540955e-02 4.678009822964668274e-02
3.595366701483726501e-02 4.616213962435722351e-02
3.586335852742195129e-02 4.658206179738044739e-02
3.577360510826110840e-02 4.596308991312980652e-02
3.568423539400100708e-02 4.638423770666122437e-02
3.559542819857597351e-02 4.576421156525611877e-02
3.550704196095466614e-02 4.618662968277931213e-02
3.541919216513633728e-02 4.556551575660705566e-02
3.533175960183143616e-02 4.598936438560485840e-02
3.524488210678100586e-02 4.536699503660202026e-02
3.515843302011489868e-02 4.579221829771995544e-02
3.507251664996147156e-02 4.516867920756340027e-02
3.498702868819236755e-02 4.559544473886489868e-02
3.490209206938743591e-02 4.497054591774940491e-02
3.481754660606384277e-02 4.539886489510536194e-02
3.473362326622009277e-02 4.477256909012794495e-02
3.465010598301887512e-02 4.520248249173164368e-02
3.456715121865272522e-02 4.457493126392364502e-02
3.448459133505821228e-02 4.500645026564598083e-02
3.440263867378234863e-02 4.437744989991188049e-02
3.432111069560050964e-02 4.481066763401031494e-02
3.424013778567314148e-02 4.418021067976951599e-02
3.415958210825920105e-02 4.461513459682464600e-02
3.407962992787361145e-02 4.398320987820625305e-02
3.400009125471115112e-02 4.441990330815315247e-02
3.392113000154495239e-02 4.378639906644821167e-02
3.384260460734367371e-02 4.422502219676971436e-02
3.376466780900955200e-02 4.358980804681777954e-02
3.368716314435005188e-02 4.403049871325492859e-02
3.361025825142860413e-02 4.339340701699256897e-02
3.353377804160118103e-02 4.383632913231849670e-02
3.345787525177001953e-02 4.319727793335914612e-02
3.338240832090377808e-02 4.364253580570220947e-02
3.330754116177558899e-02 4.300142079591751099e-02
3.323312476277351379e-02 4.344897717237472534e-02
3.315931558609008789e-02 4.280591011047363281e-02
3.308590874075889587e-02 4.325579479336738586e-02
3.301311656832695007e-02 4.261061921715736389e-02
3.294078260660171509e-02 4.306294396519660950e-02
3.286903351545333862e-02 4.241570457816123962e-02
3.279772773385047913e-02 4.287047684192657471e-02
3.272703662514686584e-02 4.222094267606735229e-02
3.265678137540817261e-02 4.267841577529907227e-02
3.258716315031051636e-02 4.202653095126152039e-02
3.251795098185539246e-02 4.248681291937828064e-02
3.244934976100921631e-02 4.183232784271240234e-02
3.238122537732124329e-02 4.229559004306793213e-02
3.231370821595191956e-02 4.163847118616104126e-02
3.224664181470870972e-02 4.210487008094787598e-02
3.218017518520355225e-02 4.144487529993057251e-02
3.211417794227600098e-02 4.191460460424423218e-02
3.204881399869918823e-02 4.125162959098815918e-02
3.198390081524848938e-02 4.172482341527938843e-02
3.191957995295524597e-02 4.105869308114051819e-02
3.185574710369110107e-02 4.153544455766677856e-02
3.179252147674560547e-02 4.086613655090332031e-02
3.172976896166801453e-02 4.134649783372879028e-02
3.166763484477996826e-02 4.067396000027656555e-02
3.160598129034042358e-02 4.115808010101318359e-02
3.154491260647773743e-02 4.048206657171249390e-02
3.148433938622474670e-02 4.097030684351921082e-02
3.142438083887100220e-02 4.029053449630737305e-02
3.136489540338516235e-02 4.078301414847373962e-02
3.130603954195976257e-02 4.009931161999702454e-02
3.124765865504741669e-02 4.059631749987602234e-02
3.118990734219551086e-02 3.990847244858741760e-02
3.113261982798576355e-02 4.041033610701560974e-02
3.107595071196556091e-02 3.971796855330467224e-02
3.101979568600654602e-02 4.022487625479698181e-02
3.096422925591468811e-02 3.952796757221221924e-02
3.090918622910976410e-02 4.003998637199401855e-02
3.085473924875259399e-02 3.933830559253692627e-02
3.080078773200511932e-02 3.985571488738059998e-02
3.074747137725353241e-02 3.914909809827804565e-02
3.069465048611164093e-02 3.967215120792388916e-02
3.064245171844959259e-02 3.896027803421020508e-02
3.059075959026813507e-02 3.948936983942985535e-02
3.053967840969562531e-02 3.877186775207519531e-02
3.048908337950706482e-02 3.930736333131790161e-02
3.043911419808864594e-02 3.858384117484092712e-02
3.038966283202171326e-02 3.912608325481414795e-02
3.034083358943462372e-02 3.839627280831336975e-02
3.029250353574752808e-02 3.894566744565963745e-02
3.024478070437908173e-02 3.820906952023506165e-02
3.019759804010391235e-02 3.876604512333869934e-02
3.015102446079254150e-02 3.802243992686271667e-02
3.010495938360691071e-02 3.858726099133491516e-02
3.005950152873992920e-02 3.783629089593887329e-02
3.001458197832107544e-02 3.840933367609977722e-02
2.997027337551116943e-02 3.765066713094711304e-02
2.992647141218185425e-02 3.823233023285865784e-02
2.988330647349357605e-02 3.746547549962997437e-02
2.984061837196350098e-02 3.805640712380409241e-02
2.979861199855804443e-02 3.728078678250312805e-02
2.975708246231079102e-02 3.788149729371070862e-02
2.971618622541427612e-02 3.709664568305015564e-02
2.967579849064350128e-02 3.770758956670761108e-02
2.963605336844921112e-02 3.691298514604568481e-02
2.959679812192916870e-02 3.753491491079330444e-02
2.955816686153411865e-02 3.672991693019866943e-02
2.952007204294204712e-02 3.736335039138793945e-02
2.948258072137832642e-02 3.654741868376731873e-02
2.944561466574668884e-02 3.719302639365196228e-02
2.940926328301429749e-02 3.636550903320312500e-02
2.937343344092369080e-02 3.702394291758537292e-02
2.933821454644203186e-02 3.618430718779563904e-02
2.930354326963424683e-02 3.685611486434936523e-02
2.926943823695182800e-02 3.600375726819038391e-02
2.923587337136268616e-02 3.668969497084617615e-02
2.920293062925338745e-02 3.582384064793586731e-02
2.917047403752803802e-02 3.652486205101013184e-02
2.913864888250827789e-02 3.564464300870895386e-02
2.910736948251724243e-02 3.636148571968078613e-02
2.907664515078067780e-02 3.546619042754173279e-02
2.904645726084709167e-02 3.619974851608276367e-02
2.901685610413551331e-02 3.528865054249763489e-02
2.898778952658176422e-02 3.603957220911979675e-02
2.895930409431457520e-02 3.511200845241546631e-02
2.893136814236640930e-02 3.588119521737098694e-02
2.890397608280181885e-02 3.493625298142433167e-02
2.887713909149169922e-02 3.572461009025573730e-02
2.885083295404911041e-02 3.476164862513542175e-02
2.882506698369979858e-02 3.556985035538673401e-02
2.879986166954040527e-02 3.458828106522560120e-02
2.877520024776458740e-02 3.541717305779457092e-02
2.875104919075965881e-02 3.441607579588890076e-02
2.872746996581554413e-02 3.526655212044715881e-02
2.870438247919082642e-02 3.424524888396263123e-02
2.868185564875602722e-02 3.511819615960121155e-02
2.865980565547943115e-02 3.407585993409156799e-02
2.863831818103790283e-02 3.497220203280448914e-02
2.861731499433517456e-02 3.390816226601600647e-02
2.859686315059661865e-02 3.482864797115325928e-02
2.857686951756477356e-02 3.374234959483146667e-02
2.855741418898105621e-02 3.468754142522811890e-02
2.853841707110404968e-02 3.357860073447227478e-02
2.851994521915912628e-02 3.454913944005966187e-02
2.850192226469516754e-02 3.341703489422798157e-02
2.848441898822784424e-02 3.441357612609863281e-02
2.846735715866088867e-02 3.325797244906425476e-02
2.845078706741333008e-02 3.428099676966667175e-02
2.843466773629188538e-02 3.310136869549751282e-02
2.841901406645774841e-02 3.415158018469810486e-02
2.840378135442733765e-02 3.294759988784790039e-02
2.838903293013572693e-02 3.402544185519218445e-02
2.837464772164821625e-02 3.279695659875869751e-02
2.836078032851219177e-02 3.390265628695487976e-02
2.834724634885787964e-02 3.264971449971199036e-02
2.833420597016811371e-02 3.378326445817947388e-02
2.832147292792797089e-02 3.250611200928688049e-02
2.830920368432998657e-02 3.366737067699432373e-02
2.829729206860065460e-02 3.236634284257888794e-02
2.828574925661087036e-02 3.355516493320465088e-02
2.827457338571548462e-02 3.223079442977905273e-02
2.826378867030143738e-02 3.344637528061866760e-02
2.825328707695007324e-02 3.209964931011199951e-02
2.824317477643489838e-02 3.334118053317070007e-02
2.823337540030479431e-02 3.197310119867324829e-02
2.822387963533401489e-02 3.323958069086074829e-02
2.821471914649009705e-02 3.185135498642921448e-02
2.820583246648311615e-02 3.314163535833358765e-02
2.819721959531307220e-02 3.173429891467094421e-02
2.818892151117324829e-02 3.304714709520339966e-02
2.818084135651588440e-02 3.162231668829917908e-02
2.817305736243724823e-02 3.295621275901794434e-02
2.816551178693771362e-02 3.151514008641242981e-02
2.815820835530757904e-02 3.286883980035781860e-02
2.815109491348266602e-02 3.141292557120323181e-02
2.814422920346260071e-02 3.278488665819168091e-02
2.813754603266716003e-02 3.131547197699546814e-02
2.813108637928962708e-02 3.270436078310012817e-02
2.812480553984642029e-02 3.122267872095108032e-02
2.811871282756328583e-02 3.262731432914733887e-02
2.811280637979507446e-02 3.113452345132827759e-02
2.810703590512275696e-02 3.255369141697883606e-02
2.810142375528812408e-02 3.105073608458042145e-02
2.809598855674266815e-02 3.248343989253044128e-02
2.809066884219646454e-02 3.097123652696609497e-02
2.808549441397190094e-02 3.241637721657752991e-02
2.808043546974658966e-02 3.089598938822746277e-02
2.807553298771381378e-02 3.235244750976562500e-02
2.807070687413215637e-02 3.082484938204288483e-02
2.806599810719490051e-02 3.229158371686935425e-02
2.806139923632144928e-02 3.075768239796161652e-02
2.805689536035060883e-02 3.223359957337379456e-02
2.805244736373424530e-02 3.069430403411388397e-02
2.804817631840705872e-02 3.217853233218193054e-02
2.804389595985412598e-02 3.063453920185565948e-02
2.803976647555828094e-02 3.212633356451988220e-02
2.803563326597213745e-02 3.057816624641418457e-02
2.803163230419158936e-02 3.207682445645332336e-02
2.802765928208827972e-02 3.052505478262901306e-02
2.802380360662937164e-02 3.203008323907852173e-02
2.801990509033203125e-02 3.047504648566246033e-02
2.801618725061416626e-02 3.198563680052757263e-02
2.801240794360637665e-02 3.042811714112758636e-02
2.800877764821052551e-02 3.194369375705718994e-02
2.800506912171840668e-02 3.038396500051021576e-02
2.800153940916061401e-02 3.190394863486289978e-02
2.799794077873229980e-02 3.034246154129505157e-02
2.799448743462562561e-02 3.186642006039619446e-02
2.799095213413238525e-02 3.030347824096679688e-02
2.798755839467048645e-02 3.183095529675483704e-02
2.798411808907985687e-02 3.026684187352657318e-02
2.798080816864967346e-02 3.179742395877838135e-02
2.797740697860717773e-02 3.023231960833072662e-02
2.797414176166057587e-02 3.176586329936981201e-02
2.797079458832740784e-02 3.019980713725090027e-02
2.796760201454162598e-02 3.173614665865898132e-02
2.796430326998233795e-02 3.016911447048187256e-02
2.796115539968013763e-02 3.170805796980857849e-02
2.795788645744323730e-02 3.014034032821655273e-02
2.795480564236640930e-02 3.168140351772308350e-02
2.795157395303249359e-02 3.011335805058479309e-02
2.794852666556835175e-02 3.165611624717712402e-02
2.794532850384712219e-02 3.008787706494331360e-02
2.794232778251171112e-02 3.163227811455726624e-02
2.793916873633861542e-02 3.006383404135704041e-02
2.793620340526103973e-02 3.160976618528366089e-02
2.793306484818458557e-02 3.004112280905246735e-02
2.793012559413909912e-02 3.158849105238914490e-02
2.792703732848167419e-02 3.001951426267623901e-02
2.792413346469402313e-02 3.156836703419685364e-02
2.792105823755264282e-02 2.999906986951828003e-02
2.791817672550678253e-02 3.154930844902992249e-02
2.791513502597808838e-02 2.997970581054687500e-02
2.791229449212551117e-02 3.153114020824432373e-02
2.790925651788711548e-02 2.996150404214859009e-02
2.790642902255058289e-02 3.151382878422737122e-02
2.790341898798942566e-02 2.994417212903499603e-02
2.790062874555587769e-02 3.149732574820518494e-02
2.789764106273651123e-02 2.992775477468967438e-02
2.789484895765781403e-02 3.148169070482254028e-02
2.789189293980598450e-02 2.991200052201747894e-02
2.788914181292057037e-02 3.146671876311302185e-02
2.788620442152023315e-02 2.989699319005012512e-02
2.788345888257026672e-02 3.145252913236618042e-02
2.788055315613746643e-02 2.988252602517604828e-02
2.787784114480018616e-02 3.143895789980888367e-02
2.787491306662559509e-02 2.986872009932994843e-02
2.787222340703010559e-02 3.142589703202247620e-02
2.786933258175849915e-02 2.985557727515697479e-02
2.786666154861450195e-02 3.141338750720024109e-02
2.786378189921379089e-02 2.984293177723884583e-02
2.786111645400524139e-02 3.140130266547203064e-02
2.785827405750751495e-02 2.983078360557556152e-02
2.785562351346015930e-02 3.138977289199829102e-02
2.785280905663967133e-02 2.981896512210369110e-02
2.785013802349567413e-02 3.137864172458648682e-02
2.784734591841697693e-02 2.980758249759674072e-02
2.784470841288566589e-02 3.136783093214035034e-02
2.784191817045211792e-02 2.979673817753791809e-02
2.783930487930774689e-02 3.135734051465988159e-02
2.783653326332569122e-02 2.978608012199401855e-02
2.783394232392311096e-02 3.134728968143463135e-02
2.783116884529590607e-02 2.977583557367324829e-02
2.782858163118362427e-02 3.133758157491683960e-02
2.782583050429821014e-02 2.976583875715732574e-02
2.782327122986316681e-02 3.132804483175277710e-02
2.782053500413894653e-02 2.975608967244625092e-02
2.781796455383300781e-02 3.131886944174766541e-02
2.781525813043117523e-02 2.974663116037845612e-02
2.781270444393157959e-02 3.130981698632240295e-02
2.781000733375549316e-02 2.973738126456737518e-02
2.780748903751373291e-02 3.130100294947624207e-02
2.780478261411190033e-02 2.972837723791599274e-02
2.780227549374103546e-02 3.129239752888679504e-02
2.779960259795188904e-02 2.971962094306945801e-02
2.779710106551647186e-02 3.128391876816749573e-02
2.779441513121128082e-02 2.971099130809307098e-02
2.779194340109825134e-02 3.127571940422058105e-02
2.778926864266395569e-02 2.970252558588981628e-02
2.778679877519607544e-02 3.126777336001396179e-02
2.778417617082595825e-02 2.969410270452499390e-02
2.778169885277748108e-02 3.125993162393569946e-02
2.777908742427825928e-02 2.968584559857845306e-02
2.777663618326187134e-02 3.125215321779251099e-02
2.777400985360145569e-02 2.967793866991996765e-02
2.777157165110111237e-02 3.124437853693962097e-02
2.776898629963397980e-02 2.967011556029319763e-02
2.776655182242393494e-02 3.123685531318187714e-02
2.776395529508590698e-02 2.966229245066642761e-02
2.776155993342399597e-02 3.122954443097114563e-02
2.775895968079566956e-02 2.965461462736129761e-02
2.775654941797256470e-02 3.122223541140556335e-02
2.775399759411811829e-02 2.964701876044273376e-02
2.775160223245620728e-02 3.121492639183998108e-02
2.774905785918235779e-02 2.963956817984580994e-02
2.774666994810104370e-02 3.120780922472476959e-02
2.774413488805294037e-02 2.963226288557052612e-02
2.774176932871341705e-02 3.120077587664127350e-02
2.773924730718135834e-02 2.962489612400531769e-02
2.773687429726123810e-02 3.119391016662120819e-02
2.773435972630977631e-02 2.961761318147182465e-02
2.773201838135719299e-02 3.118704818189144135e-02
2.772949077188968658e-02 2.961043268442153931e-02
2.772716432809829712e-02 3.118022717535495758e-02
2.772467769682407379e-02 2.960331551730632782e-02
2.772236429154872894e-02 3.117342852056026459e-02
2.771985530853271484e-02 2.959638275206089020e-02
2.771754935383796692e-02 3.116671368479728699e-02
2.771508507430553436e-02 2.958947233855724335e-02
2.771278470754623413e-02 3.116000071167945862e-02
2.771032601594924927e-02 2.958258241415023804e-02
2.770802192389965057e-02 3.115345723927021027e-02
2.770557813346385956e-02 2.957573346793651581e-02
2.770330756902694702e-02 3.114693425595760345e-02
2.770086191594600677e-02 2.956886775791645050e-02
2.769857272505760193e-02 3.114049695432186127e-02
2.769614197313785553e-02 2.956212311983108521e-02
2.769388630986213684e-02 3.113410249352455139e-02
2.769146859645843506e-02 2.955535985529422760e-02
2.768920920789241791e-02 3.112766705453395844e-02
2.768680453300476074e-02 2.954880148172378540e-02
2.768457122147083282e-02 3.112123161554336548e-02
2.768215537071228027e-02 2.954220399260520935e-02
2.767992764711380005e-02 3.111487999558448792e-02
2.767752856016159058e-02 2.953572943806648254e-02
2.767533436417579651e-02 3.110859356820583344e-02
2.767295390367507935e-02 2.952917478978633881e-02
2.767073363065719604e-02 3.110239095985889435e-02
2.766835130751132965e-02 2.952259965240955353e-02
2.766614779829978943e-02 3.109629452228546143e-02
2.766379341483116150e-02 2.951610647141933441e-02
2.766160666942596436e-02 3.109011426568031311e-02
2.765926159918308258e-02 2.950969524681568146e-02
2.765708789229393005e-02 3.108389303088188171e-02
2.765471301972866058e-02 2.950336784124374390e-02
2.765255793929100037e-02 3.107771463692188263e-02
2.765021473169326782e-02 2.949702180922031403e-02
2.764805033802986145e-02 3.107162006199359894e-02
2.764572948217391968e-02 2.949075587093830109e-02
2.764357812702655792e-02 3.106554783880710602e-02
2.764124609529972076e-02 2.948441170156002045e-02
2.763913013041019440e-02 3.105957992374897003e-02
2.763682045042514801e-02 2.947810664772987366e-02
2.763468772172927856e-02 3.105363622307777405e-02
2.763237990438938141e-02 2.947180345654487610e-02
2.763025835156440735e-02 3.104767017066478729e-02
2.762798219919204712e-02 2.946562319993972778e-02
2.762587368488311768e-02 3.104166314005851746e-02
2.762358263134956360e-02 2.945954538881778717e-02
2.762147597968578339e-02 3.103561326861381531e-02
2.761918865144252777e-02 2.945351041853427887e-02
2.761708199977874756e-02 3.102964907884597778e-02
2.761483751237392426e-02 2.944733202457427979e-02
2.761276252567768097e-02 3.102385438978672028e-02
2.761049568653106689e-02 2.944115363061428070e-02
2.760840393602848053e-02 3.101805970072746277e-02
2.760617807507514954e-02 2.943499758839607239e-02
2.760408818721771240e-02 3.101224452257156372e-02
2.760185673832893372e-02 2.942896448075771332e-02
2.759979292750358582e-02 3.100647218525409698e-02
2.759753912687301636e-02 2.942295186221599579e-02
2.759549953043460846e-02 3.100061416625976562e-02
2.759327739477157593e-02 2.941702306270599365e-02
2.759122662246227264e-02 3.099475987255573273e-02
2.758901752531528473e-02 2.941109426319599152e-02
2.758697047829627991e-02 3.098894655704498291e-02
2.758476510643959045e-02 2.940512448549270630e-02
2.758271992206573486e-02 3.098321706056594849e-02
2.758053690195083618e-02 2.939913608133792877e-02
2.757852151989936829e-02 3.097757324576377869e-02
2.757633104920387268e-02 2.939318865537643433e-02
2.757430821657180786e-02 3.097184561192989349e-02
2.757212147116661072e-02 2.938730269670486450e-02
2.757010981440544128e-02 3.096622414886951447e-02
2.756794914603233337e-02 2.938145771622657776e-02
2.756594493985176086e-02 3.096051700413227081e-02
2.756378240883350372e-02 2.937565557658672333e-02
2.756179869174957275e-02 3.095481172204017639e-02
2.755963057279586792e-02 2.936985157430171967e-02
2.755764313042163849e-02 3.094919212162494659e-02
2.755548618733882904e-02 2.936396934092044830e-02
2.755349874496459961e-02 3.094363398849964142e-02
2.755136974155902863e-02 2.935816720128059387e-02
2.754938229918479919e-02 3.093805722892284393e-02
2.754726260900497437e-02 2.935244888067245483e-02
2.754527889192104340e-02 3.093245811760425568e-02
2.754316106438636780e-02 2.934673056006431580e-02
2.754120342433452606e-02 3.092688135802745819e-02
2.753909118473529816e-02 2.934097126126289368e-02
2.753711678087711334e-02 3.092130646109580994e-02
2.753501012921333313e-02 2.933527529239654541e-02
2.753306925296783447e-02 3.091577254235744476e-02
2.753094770014286041e-02 2.932959981262683868e-02
2.752902358770370483e-02 3.091032244265079498e-02
2.752693369984626770e-02 2.932390384376049042e-02
2.752500772476196289e-02 3.090479038655757904e-02
2.752289175987243652e-02 2.931826934218406677e-02
2.752098813652992249e-02 3.089934214949607849e-02
2.751888707280158997e-02 2.931259572505950928e-02
2.751696109771728516e-02 3.089389391243457794e-02
2.751487866044044495e-02 2.930700406432151794e-02
2.751298993825912476e-02 3.088840283453464508e-02
2.751091495156288147e-02 2.930141240358352661e-02
2.750900015234947205e-02 3.088295646011829376e-02
2.750694751739501953e-02 2.929590269923210144e-02
2.750505506992340088e-02 3.087751008570194244e-02
2.750298939645290375e-02 2.929027192294597626e-02
2.750109322369098663e-02 3.087219037115573883e-02
2.749903127551078796e-02 2.928468212485313416e-02
2.749716117978096008e-02 3.086682781577110291e-02
2.749508991837501526e-02 2.927913330495357513e-02
2.749322354793548584e-02 3.086140379309654236e-02
2.749120444059371948e-02 2.927364595234394073e-02
2.748932689428329468e-02 3.085604310035705566e-02
2.748728170990943909e-02 2.926818095147609711e-02
2.748540788888931274e-02 3.085070289671421051e-02
2.748335897922515869e-02 2.926273643970489502e-02
2.748150750994682312e-02 3.084530122578144073e-02
2.747949585318565369e-02 2.925727143883705139e-02
2.747764997184276581e-02 3.083998337388038635e-02
2.747563645243644714e-02 2.925180643796920776e-02
2.747378312051296234e-02 3.083470836281776428e-02
2.747178077697753906e-02 2.924630232155323029e-02
2.746992930769920349e-02 3.082949668169021606e-02
2.746792323887348175e-02 2.924085780978202820e-02
2.746609598398208618e-02 3.082422167062759399e-02
2.746407687664031982e-02 2.923545613884925842e-02
2.746224589645862579e-02 3.081892617046833038e-02
2.746027149260044098e-02 2.923015691339969635e-02
2.745844610035419464e-02 3.081361204385757446e-02
2.745644748210906982e-02 2.922477759420871735e-02
2.745462954044342041e-02 3.080842271447181702e-02
2.745264768600463867e-02 2.921937778592109680e-02
2.745084464550018311e-02 3.080323338508605957e-02
2.744884788990020752e-02 2.921401895582675934e-02
2.744703367352485657e-02 3.079802356660366058e-02
2.744508534669876099e-02 2.920872159302234650e-02
2.744327113032341003e-02 3.079279325902462006e-02
2.744130976498126984e-02 2.920346520841121674e-02
2.743951976299285889e-02 3.078750148415565491e-02
2.743755094707012177e-02 2.919822931289672852e-02
2.743575535714626312e-02 3.078235685825347900e-02
2.743381261825561523e-02 2.919287234544754028e-02
2.743201330304145813e-02 3.077725321054458618e-02
2.743008546531200409e-02 2.918757684528827667e-02
2.742829732596874237e-02 3.077215142548084259e-02
2.742635458707809448e-02 2.918228134512901306e-02
2.742454968392848969e-02 3.076700679957866669e-02
2.742263488471508026e-02 2.917702868580818176e-02
2.742084302008152008e-02 3.076186217367649078e-02
2.741891145706176758e-02 2.917181514203548431e-02
2.741715870797634125e-02 3.075676225125789642e-02
2.741523832082748413e-02 2.916664443910121918e-02
2.741346135735511780e-02 3.075161948800086975e-02
2.741154283285140991e-02 2.916143275797367096e-02
2.740977704524993896e-02 3.074651770293712616e-02
2.740787714719772339e-02 2.915630303323268890e-02
2.740610018372535706e-02 3.074137680232524872e-02
2.740420028567314148e-02 2.915111184120178223e-02
2.740243822336196899e-02 3.073631785809993744e-02
2.740052528679370880e-02 2.914596349000930786e-02
2.739878743886947632e-02 3.073132410645484924e-02
2.739689126610755920e-02 2.914071269333362579e-02
2.739514969289302826e-02 3.072632849216461182e-02
2.739322930574417114e-02 2.913550287485122681e-02
2.739151380956172943e-02 3.072131425142288208e-02
2.738961391150951385e-02 2.913041599094867706e-02
2.738788723945617676e-02 3.071625903248786926e-02
2.738600224256515503e-02 2.912535145878791809e-02
2.738428488373756409e-02 3.071116097271442413e-02
2.738239429891109467e-02 2.912040799856185913e-02
2.738066017627716064e-02 3.070602193474769592e-02
2.737878076732158661e-02 2.911536209285259247e-02
2.737706527113914490e-02 3.070105053484439850e-02
2.737518772482872009e-02 2.911015599966049194e-02
2.737347036600112915e-02 3.069616295397281647e-02
2.737161517143249512e-02 2.910500951111316681e-02
2.736989036202430725e-02 3.069131821393966675e-02
2.736805006861686707e-02 2.909984439611434937e-02
2.736631408333778381e-02 3.068634681403636932e-02
2.736447378993034363e-02 2.909486182034015656e-02
2.736274711787700653e-02 3.068129345774650574e-02
2.736090496182441711e-02 2.908998169004917145e-02
2.735920622944831848e-02 3.067628294229507446e-02
2.735734730958938599e-02 2.908502146601676941e-02
2.735567651689052582e-02 3.067131340503692627e-02
2.735379151999950409e-02 2.908002026379108429e-02
2.735210023820400238e-02 3.066640719771385193e-02
2.735025994479656219e-02 2.907493896782398224e-02
2.734857238829135895e-02 3.066158480942249298e-02
2.734673768281936646e-02 2.906989865005016327e-02
2.734506875276565552e-02 3.065670095384120941e-02
2.734323963522911072e-02 2.906485833227634430e-02
2.734153717756271362e-02 3.065181709825992584e-02
2.733970433473587036e-02 2.905993908643722534e-02
2.733803912997245789e-02 3.064684942364692688e-02
2.733619883656501770e-02 2.905506268143653870e-02
2.733452431857585907e-02 3.064192458987236023e-02
2.733272314071655273e-02 2.905010432004928589e-02
2.733103558421134949e-02 3.063708357512950897e-02
2.732919529080390930e-02 2.904518693685531616e-02
2.732754498720169067e-02 3.063216060400009155e-02
2.732573077082633972e-02 2.904023043811321259e-02
2.732406370341777802e-02 3.062727861106395721e-02
2.732227742671966553e-02 2.903535589575767517e-02
2.732058800756931305e-02 3.062243759632110596e-02
2.731879241764545441e-02 2.903044037520885468e-02
2.731713280081748962e-02 3.061761893332004547e-02
2.731532789766788483e-02 2.902552485466003418e-02
2.731366083025932312e-02 3.061280213296413422e-02
2.731186151504516602e-02 2.902060933411121368e-02
2.731021493673324585e-02 3.060804679989814758e-02
2.730840630829334259e-02 2.901573665440082550e-02
2.730678021907806396e-02 3.060320764780044556e-02
2.730496972799301147e-02 2.901090309023857117e-02
2.730332314968109131e-02 3.059832751750946045e-02
2.730153128504753113e-02 2.900611236691474915e-02
2.729989029467105865e-02 3.059346973896026611e-02
2.729811333119869232e-02 2.900121919810771942e-02
2.729647606611251831e-02 3.058869391679763794e-02
2.729468233883380890e-02 2.899642847478389740e-02
2.729303576052188873e-02 3.058389946818351746e-02
2.729127928614616394e-02 2.899157628417015076e-02
2.728964202105998993e-02 3.057916834950447083e-02
2.728784643113613129e-02 2.898670546710491180e-02
2.728623524308204651e-02 3.057443536818027496e-02
2.728446200489997864e-02 2.898185513913631439e-02
2.728284895420074463e-02 3.056966327130794525e-02
2.728106454014778137e-02 2.897712774574756622e-02
2.727944403886795044e-02 3.056484833359718323e-02
2.727769128978252411e-02 2.897229790687561035e-02
2.727604657411575317e-02 3.056009672582149506e-02
2.727429009974002838e-02 2.896750904619693756e-02
2.727266401052474976e-02 3.055542893707752228e-02
2.727089449763298035e-02 2.896280214190483093e-02
2.726930752396583557e-02 3.055059351027011871e-02
2.726753801107406616e-02 2.895805425941944122e-02
2.726592868566513062e-02 3.054584376513957977e-02
2.726415731012821198e-02 2.895326726138591766e-02
2.726254798471927643e-02 3.054117783904075623e-02
2.726080268621444702e-02 2.894842065870761871e-02
2.725916914641857147e-02 3.053651005029678345e-02
2.725741825997829437e-02 2.894367463886737823e-02
2.725584991276264191e-02 3.053176030516624451e-02
2.725410088896751404e-02 2.893899008631706238e-02
2.725248970091342926e-02 3.052703291177749634e-02
2.725075185298919678e-02 2.893428504467010498e-02
2.724913880228996277e-02 3.052230551838874817e-02
2.724739722907543182e-02 2.892958000302314758e-02
2.724580839276313782e-02 3.051759861409664154e-02
2.724406681954860687e-02 2.892481535673141479e-02
2.724246680736541748e-02 3.051297552883625031e-02
2.724074572324752808e-02 2.892009168863296509e-02
2.723913826048374176e-02 3.050824813544750214e-02
2.723741158843040466e-02 2.891542948782444000e-02
2.723583206534385681e-02 3.050360642373561859e-02
2.723408490419387817e-02 2.891070768237113953e-02
2.723249793052673340e-02 3.049890138208866119e-02
2.723076567053794861e-02 2.890608645975589752e-02
2.722918987274169922e-02 3.049419634044170380e-02
2.722746692597866058e-02 2.890140376985073090e-02
2.722587622702121735e-02 3.048957511782646179e-02
2.722414769232273102e-02 2.889670245349407196e-02
2.722257375717163086e-02 3.048491291701793671e-02
2.722085081040859222e-02 2.889196015894412994e-02
2.721925452351570129e-02 3.048029169440269470e-02
2.721753902733325958e-02 2.888738177716732025e-02
2.721596509218215942e-02 3.047558851540088654e-02
2.721424400806427002e-02 2.888276241719722748e-02
2.721267938613891602e-02 3.047088533639907837e-02
2.721096016466617584e-02 2.887814305722713470e-02
2.720938809216022491e-02 3.046626597642898560e-02
2.720768749713897705e-02 2.887348458170890808e-02
2.720609679818153381e-02 3.046166710555553436e-02
2.720438688993453979e-02 2.886882610619068146e-02
2.720284089446067810e-02 3.045719489455223083e-02
2.720109745860099792e-02 2.886408567428588867e-02
2.719955891370773315e-02 3.045257553458213806e-02
2.719783782958984375e-02 2.885948866605758667e-02
2.719628065824508667e-02 3.044791705906391144e-02
2.719457261264324188e-02 2.885489165782928467e-02
2.719301730394363403e-02 3.044317290186882019e-02
2.719129808247089386e-02 2.885039709508419037e-02
2.718974836170673370e-02 3.043851442635059357e-02
2.718802541494369507e-02 2.884582057595252991e-02
2.718646451830863953e-02 3.043393976986408234e-02
2.718477509915828705e-02 2.884116396307945251e-02
2.718324586749076843e-02 3.042940609157085419e-02
2.718153223395347595e-02 2.883650735020637512e-02
2.717999368906021118e-02 3.042487241327762604e-02
2.717828750610351562e-02 2.883193269371986389e-02
2.717672288417816162e-02 3.042021580040454865e-02
2.717501297593116760e-02 2.882739901542663574e-02
2.717348001897335052e-02 3.041564114391803741e-02
2.717177942395210266e-02 2.882274426519870758e-02
2.717023342847824097e-02 3.041106835007667542e-02
2.716854959726333618e-02 2.881821058690547943e-02
2.716701664030551910e-02 3.040647320449352264e-02
2.716533467173576355e-02 2.881369739770889282e-02
2.716376632452011108e-02 3.040187992155551910e-02
2.716208249330520630e-02 2.880912460386753082e-02
2.716054022312164307e-02 3.039736859500408173e-02
2.715884707868099213e-02 2.880453318357467651e-02
2.715730108320713043e-02 3.039277717471122742e-02
2.715559303760528564e-02 2.879998087882995605e-02
2.715407498180866241e-02 3.038824535906314850e-02
2.715239115059375763e-02 2.879542857408523560e-02
2.715084329247474670e-02 3.038363344967365265e-02
2.714915759861469269e-02 2.879093773663043976e-02
2.714761532843112946e-02 3.037906065583229065e-02
2.714595198631286621e-02 2.878636680543422699e-02
2.714439667761325836e-02 3.037448972463607788e-02
2.714274078607559204e-02 2.878183685243129730e-02
2.714120410382747650e-02 3.036996163427829742e-02
2.713951468467712402e-02 2.877734601497650146e-02
2.713797613978385925e-02 3.036539070308208466e-02
2.713630348443984985e-02 2.877279743552207947e-02
2.713476866483688354e-02 3.036086261272430420e-02
2.713308483362197876e-02 2.876828797161579132e-02
2.713154628872871399e-02 3.035637736320495605e-02
2.712989598512649536e-02 2.876375988125801086e-02
2.712835557758808136e-02 3.035184927284717560e-02
2.712666802108287811e-02 2.875917032361030579e-02
2.712513878941535950e-02 3.034734167158603668e-02
2.712348103523254395e-02 2.875468134880065918e-02
2.712195739150047302e-02 3.034277446568012238e-02
2.712028101086616516e-02 2.875021472573280334e-02
2.711876109242439270e-02 3.033820539712905884e-02
2.711709588766098022e-02 2.874578908085823059e-02
2.711554057896137238e-02 3.033357486128807068e-02
2.711389400064945221e-02 2.874134108424186707e-02
2.711235731840133667e-02 3.032907098531723022e-02
2.711069770157337189e-02 2.873677387833595276e-02
2.710916660726070404e-02 3.032464906573295593e-02
2.710750699043273926e-02 2.873220853507518768e-02
2.710597962141036987e-02 3.032016381621360779e-02
2.710432559251785278e-02 2.872770093381404877e-02
2.710277587175369263e-02 3.031563945114612579e-02
2.710112929344177246e-02 2.872321568429470062e-02
2.709960564970970154e-02 3.031113557517528534e-02
2.709795907139778137e-02 2.871875092387199402e-02
2.709641493856906891e-02 3.030659072101116180e-02
2.709476649761199951e-02 2.871436811983585358e-02
2.709323354065418243e-02 3.030198439955711365e-02
