0.000000000000000000e+00 1.154401898384094238e+00
1.010101010101010187e-02 1.148413777351379395e+00
2.020202020202020374e-02 1.142402648925781250e+00
3.030303030303030387e-02 1.136368513107299805e+00
4.040404040404040747e-02 1.130311489105224609e+00
5.050505050505051108e-02 1.124231576919555664e+00
6.060606060606060774e-02 1.118128895759582520e+00
7.070707070707071829e-02 1.112003803253173828e+00
8.080808080808081495e-02 1.105855941772460938e+00
9.090909090909091161e-02 1.099685668945312500e+00
1.010101010101010222e-01 1.093493103981018066e+00
1.111111111111111188e-01 1.087278604507446289e+00
1.212121212121212155e-01 1.081041812896728516e+00
1.313131313131313260e-01 1.074783086776733398e+00
1.414141414141414366e-01 1.068502664566040039e+00
1.515151515151515194e-01 1.062200546264648438e+00
1.616161616161616299e-01 1.055876731872558594e+00
1.717171717171717404e-01 1.049531698226928711e+00
1.818181818181818232e-01 1.043165445327758789e+00
1.919191919191919338e-01 1.036778211593627930e+00
2.020202020202020443e-01 1.030369877815246582e+00
2.121212121212121271e-01 1.023941040039062500e+00
2.222222222222222376e-01 1.017491579055786133e+00
2.323232323232323482e-01 1.011021614074707031e+00
2.424242424242424310e-01 1.004531383514404297e+00
2.525252525252525415e-01 9.980213046073913574e-01
2.626262626262626521e-01 9.914913773536682129e-01
2.727272727272727626e-01 9.849417805671691895e-01
2.828282828282828731e-01 9.783728718757629395e-01
2.929292929292929282e-01 9.717848300933837891e-01
3.030303030303030387e-01 9.651775956153869629e-01
3.131313131313131493e-01 9.585518240928649902e-01
3.232323232323232598e-01 9.519073367118835449e-01
3.333333333333333703e-01 9.452446103096008301e-01
3.434343434343434809e-01 9.385638833045959473e-01
3.535353535353535914e-01 9.318652153015136719e-01
3.636363636363636465e-01 9.251490235328674316e-01
3.737373737373737570e-01 9.184154868125915527e-01
3.838383838383838675e-01 9.116648435592651367e-01
3.939393939393939781e-01 9.048975110054016113e-01
4.040404040404040886e-01 8.981135487556457520e-01
4.141414141414141992e-01 8.913133740425109863e-01
4.242424242424242542e-01 8.844972252845764160e-01
4.343434343434343647e-01 8.776654601097106934e-01
4.444444444444444753e-01 8.708181977272033691e-01
4.545454545454545858e-01 8.639557957649230957e-01
4.646464646464646964e-01 8.570786118507385254e-01
4.747474747474748069e-01 8.501868844032287598e-01
4.848484848484848619e-01 8.432809114456176758e-01
4.949494949494949725e-01 8.363611698150634766e-01
5.050505050505050830e-01 8.294278383255004883e-01
5.151515151515152491e-01 8.224811553955078125e-01
5.252525252525253041e-01 8.155216574668884277e-01
5.353535353535353591e-01 8.085496425628662109e-01
5.454545454545455252e-01 8.015651106834411621e-01
5.555555555555555802e-01 7.945687770843505859e-01
5.656565656565657463e-01 7.875609397888183594e-01
5.757575757575758013e-01 7.805418968200683594e-01
5.858585858585858563e-01 7.735118865966796875e-01
5.959595959595960224e-01 7.664713263511657715e-01
6.060606060606060774e-01 7.594206333160400391e-01
6.161616161616162435e-01 7.523602247238159180e-01
6.262626262626262985e-01 7.452903985977172852e-01
6.363636363636364646e-01 7.382116317749023438e-01
6.464646464646465196e-01 7.311241030693054199e-01
6.565656565656565746e-01 7.240282297134399414e-01
6.666666666666667407e-01 7.169245481491088867e-01
6.767676767676767957e-01 7.098132371902465820e-01
6.868686868686869618e-01 7.026948928833007812e-01
6.969696969696970168e-01 6.955698728561401367e-01
7.070707070707071829e-01 6.884384155273437500e-01
7.171717171717172379e-01 6.813011169433593750e-01
7.272727272727272929e-01 6.741580963134765625e-01
7.373737373737374590e-01 6.670100688934326172e-01
7.474747474747475140e-01 6.598573327064514160e-01
7.575757575757576801e-01 6.527003049850463867e-01
7.676767676767677351e-01 6.455393433570861816e-01
7.777777777777777901e-01 6.383748054504394531e-01
7.878787878787879562e-01 6.312073469161987305e-01
7.979797979797980112e-01 6.240371465682983398e-01
8.080808080808081773e-01 6.168646812438964844e-01
8.181818181818182323e-01 6.096905469894409180e-01
8.282828282828283983e-01 6.025147438049316406e-01
8.383838383838384534e-01 5.953381657600402832e-01
8.484848484848485084e-01 5.881609916687011719e-01
8.585858585858586745e-01 5.809836387634277344e-01
8.686868686868687295e-01 5.738066434860229492e-01
8.787878787878788955e-01 5.666303634643554688e-01
8.888888888888889506e-01 5.594553947448730469e-01
8.989898989898991166e-01 5.522818565368652344e-01
9.090909090909091717e-01 5.451102256774902344e-01
9.191919191919192267e-01 5.379412174224853516e-01
9.292929292929293927e-01 5.307751893997192383e-01
9.393939393939394478e-01 5.236122608184814453e-01
9.494949494949496138e-01 5.164530277252197266e-01
9.595959595959596689e-01 5.092980265617370605e-01
9.696969696969697239e-01 5.021475553512573242e-01
9.797979797979798899e-01 4.950022101402282715e-01
9.898989898989899450e-01 4.878620803356170654e-01
1.000000000000000000e+00 4.807279706001281738e-01
