0.000000000000000000e+00 5.197895169258117676e-01
1.010101010101010187e-02 5.232800245285034180e-01
2.020202020202020374e-02 5.267616510391235352e-01
3.030303030303030387e-02 5.302343964576721191e-01
4.040404040404040747e-02 5.336982607841491699e-01
5.050505050505051108e-02 5.371530652046203613e-01
6.060606060606060774e-02 5.405991077423095703e-01
7.070707070707071829e-02 5.440362691879272461e-01
8.080808080808081495e-02 5.474644899368286133e-01
9.090909090909091161e-02 5.508837699890136719e-01
1.010101010101010222e-01 5.542941093444824219e-01
1.111111111111111188e-01 5.576957464218139648e-01
1.212121212121212155e-01 5.610884428024291992e-01
1.313131313131313260e-01 5.644723773002624512e-01
1.414141414141414366e-01 5.678473711013793945e-01
1.515151515151515194e-01 5.712134838104248047e-01
1.616161616161616299e-01 5.745708942413330078e-01
1.717171717171717404e-01 5.779194831848144531e-01
1.818181818181818232e-01 5.812593698501586914e-01
1.919191919191919338e-01 5.845903754234313965e-01
2.020202020202020443e-01 5.879126191139221191e-01
2.121212121212121271e-01 5.912261009216308594e-01
2.222222222222222376e-01 5.945309400558471680e-01
2.323232323232323482e-01 5.978271961212158203e-01
2.424242424242424310e-01 6.011146306991577148e-01
2.525252525252525415e-01 6.043933629989624023e-01
2.626262626262626521e-01 6.076636314392089844e-01
2.727272727272727626e-01 6.109251976013183594e-01
2.828282828282828731e-01 6.141781806945800781e-01
2.929292929292929282e-01 6.174225807189941406e-01
3.030303030303030387e-01 6.206583976745605469e-01
3.131313131313131493e-01 6.238857507705688477e-01
3.232323232323232598e-01 6.271047592163085938e-01
3.333333333333333703e-01 6.303152441978454590e-01
3.434343434343434809e-01 6.335172653198242188e-01
3.535353535353535914e-01 6.367110013961791992e-01
3.636363636363636465e-01 6.398962736129760742e-01
3.737373737373737570e-01 6.430732011795043945e-01
3.838383838383838675e-01 6.462419033050537109e-01
3.939393939393939781e-01 6.494024395942687988e-01
4.040404040404040886e-01 6.525546908378601074e-01
4.141414141414141992e-01 6.556988358497619629e-01
4.242424242424242542e-01 6.588348150253295898e-01
4.343434343434343647e-01 6.619626879692077637e-01
4.444444444444444753e-01 6.650825738906860352e-01
4.545454545454545858e-01 6.681944131851196289e-01
4.646464646464646964e-01 6.712982654571533203e-01
4.747474747474748069e-01 6.743943095207214355e-01
4.848484848484848619e-01 6.774823665618896484e-01
4.949494949494949725e-01 6.805626153945922852e-01
5.050505050505050830e-01 6.836351156234741211e-01
5.151515151515152491e-01 6.866998672485351562e-01
5.252525252525253041e-01 6.897569894790649414e-01
5.353535353535353591e-01 6.928064227104187012e-01
5.454545454545455252e-01 6.958483457565307617e-01
5.555555555555555802e-01 6.988826990127563477e-01
5.656565656565657463e-01 7.019096612930297852e-01
5.757575757575758013e-01 7.049291729927062988e-01
5.858585858585858563e-01 7.079414129257202148e-01
5.959595959595960224e-01 7.109462022781372070e-01
6.060606060606060774e-01 7.139438390731811523e-01
6.161616161616162435e-01 7.169342041015625000e-01
6.262626262626262985e-01 7.199175953865051270e-01
6.363636363636364646e-01 7.228938341140747070e-01
6.464646464646465196e-01 7.258632183074951172e-01
6.565656565656565746e-01 7.288255095481872559e-01
6.666666666666667407e-01 7.317811250686645508e-01
6.767676767676767957e-01 7.347297668457031250e-01
6.868686868686869618e-01 7.376718521118164062e-01
6.969696969696970168e-01 7.406071424484252930e-01
7.070707070707071829e-01 7.435361146926879883e-01
7.171717171717172379e-01 7.464583516120910645e-01
7.272727272727272929e-01 7.493741512298583984e-01
7.373737373737374590e-01 7.522835731506347656e-01
7.474747474747475140e-01 7.551867365837097168e-01
7.575757575757576801e-01 7.580837011337280273e-01
7.676767676767677351e-01 7.609744668006896973e-01
7.777777777777777901e-01 7.638592123985290527e-01
7.878787878787879562e-01 7.667378783226013184e-01
7.979797979797980112e-01 7.696106433868408203e-01
8.080808080808081773e-01 7.724776268005371094e-01
8.181818181818182323e-01 7.753389477729797363e-01
8.282828282828283983e-01 7.781944274902343750e-01
8.383838383838384534e-01 7.810444235801696777e-01
8.484848484848485084e-01 7.838888168334960938e-01
8.585858585858586745e-01 7.867277860641479492e-01
8.686868686868687295e-01 7.895615696907043457e-01
8.787878787878788955e-01 7.923899888992309570e-01
8.888888888888889506e-01 7.952132225036621094e-01
8.989898989898991166e-01 7.980313897132873535e-01
9.090909090909091717e-01 8.008446097373962402e-01
9.191919191919192267e-01 8.036528825759887695e-01
9.292929292929293927e-01 8.064564466476440430e-01
9.393939393939394478e-01 8.092552423477172852e-01
9.494949494949496138e-01 8.120493888854980469e-01
9.595959595959596689e-01 8.148389458656311035e-01
9.696969696969697239e-01 8.176241517066955566e-01
9.797979797979798899e-01 8.204050064086914062e-01
9.898989898989899450e-01 8.231817483901977539e-01
1.000000000000000000e+00 8.259541392326354980e-01
