0.000000000000000000e+00 6.142565608024597168e-01
1.010101010101010187e-02 6.197154521942138672e-01
2.020202020202020374e-02 6.250962615013122559e-01
3.030303030303030387e-02 6.303974390029907227e-01
4.040404040404040747e-02 6.356173753738403320e-01
5.050505050505051108e-02 6.407542228698730469e-01
6.060606060606060774e-02 6.458067893981933594e-01
7.070707070707071829e-02 6.507732868194580078e-01
8.080808080808081495e-02 6.556517481803894043e-01
9.090909090909091161e-02 6.604408621788024902e-01
1.010101010101010222e-01 6.651390790939331055e-01
1.111111111111111188e-01 6.697442531585693359e-01
1.212121212121212155e-01 6.742552518844604492e-01
1.313131313131313260e-01 6.786704063415527344e-01
1.414141414141414366e-01 6.829877495765686035e-01
1.515151515151515194e-01 6.872059106826782227e-01
1.616161616161616299e-01 6.913231015205383301e-01
1.717171717171717404e-01 6.953376531600952148e-01
1.818181818181818232e-01 6.992483139038085938e-01
1.919191919191919338e-01 7.030529379844665527e-01
2.020202020202020443e-01 7.067506909370422363e-01
2.121212121212121271e-01 7.103394865989685059e-01
2.222222222222222376e-01 7.138177752494812012e-01
2.323232323232323482e-01 7.171844244003295898e-01
2.424242424242424310e-01 7.204374670982360840e-01
2.525252525252525415e-01 7.235758304595947266e-01
2.626262626262626521e-01 7.265980243682861328e-01
2.727272727272727626e-01 7.295027375221252441e-01
2.828282828282828731e-01 7.322884798049926758e-01
2.929292929292929282e-01 7.349541783332824707e-01
3.030303030303030387e-01 7.374984025955200195e-01
3.131313131313131493e-01 7.399199604988098145e-01
3.232323232323232598e-01 7.422179579734802246e-01
3.333333333333333703e-01 7.443912029266357422e-01
3.434343434343434809e-01 7.464385628700256348e-01
3.535353535353535914e-01 7.483592629432678223e-01
3.636363636363636465e-01 7.501523494720458984e-01
3.737373737373737570e-01 7.518170475959777832e-01
3.838383838383838675e-01 7.533527016639709473e-01
3.939393939393939781e-01 7.547585964202880859e-01
4.040404040404040886e-01 7.560342550277709961e-01
4.141414141414141992e-01 7.571792006492614746e-01
4.242424242424242542e-01 7.581929564476013184e-01
4.343434343434343647e-01 7.590752243995666504e-01
4.444444444444444753e-01 7.598264217376708984e-01
4.545454545454545858e-01 7.604456543922424316e-01
4.646464646464646964e-01 7.609336376190185547e-01
4.747474747474748069e-01 7.612900733947753906e-01
4.848484848484848619e-01 7.615153789520263672e-01
4.949494949494949725e-01 7.616100907325744629e-01
5.050505050505050830e-01 7.615746855735778809e-01
5.151515151515152491e-01 7.614096403121948242e-01
5.252525252525253041e-01 7.611159086227416992e-01
5.353535353535353591e-01 7.606943845748901367e-01
5.454545454545455252e-01 7.601461410522460938e-01
5.555555555555555802e-01 7.594720721244812012e-01
5.656565656565657463e-01 7.586739063262939453e-01
5.757575757575758013e-01 7.577528357505798340e-01
5.858585858585858563e-01 7.567104697227478027e-01
5.959595959595960224e-01 7.555486559867858887e-01
6.060606060606060774e-01 7.542691230773925781e-01
6.161616161616162435e-01 7.528739571571350098e-01
6.262626262626262985e-01 7.513653039932250977e-01
6.363636363636364646e-01 7.497455477714538574e-01
6.464646464646465196e-01 7.480170130729675293e-01
6.565656565656565746e-01 7.461822628974914551e-01
6.666666666666667407e-01 7.442443966865539551e-01
6.767676767676767957e-01 7.422058582305908203e-01
6.868686868686869618e-01 7.400700449943542480e-01
6.969696969696970168e-01 7.378396391868591309e-01
7.070707070707071829e-01 7.355182766914367676e-01
7.171717171717172379e-01 7.331091761589050293e-01
7.272727272727272929e-01 7.306159734725952148e-01
7.373737373737374590e-01 7.280424833297729492e-01
7.474747474747475140e-01 7.253922224044799805e-01
7.575757575757576801e-01 7.226690649986267090e-01
7.676767676767677351e-01 7.198772430419921875e-01
7.777777777777777901e-01 7.170205712318420410e-01
7.878787878787879562e-01 7.141035199165344238e-01
7.979797979797980112e-01 7.111303210258483887e-01
8.080808080808081773e-01 7.081053853034973145e-01
8.181818181818182323e-01 7.050330042839050293e-01
8.282828282828283983e-01 7.019175887107849121e-01
8.383838383838384534e-01 6.987640857696533203e-01
8.484848484848485084e-01 6.955770850181579590e-01
8.585858585858586745e-01 6.923609972000122070e-01
8.686868686868687295e-01 6.891208291053771973e-01
8.787878787878788955e-01 6.858612895011901855e-01
8.888888888888889506e-01 6.825872063636779785e-01
8.989898989898991166e-01 6.793031692504882812e-01
9.090909090909091717e-01 6.760142445564270020e-01
9.191919191919192267e-01 6.727253198623657227e-01
9.292929292929293927e-01 6.694411039352416992e-01
9.393939393939394478e-01 6.661663055419921875e-01
9.494949494949496138e-01 6.629059910774230957e-01
9.595959595959596689e-01 6.596646308898925781e-01
9.696969696969697239e-01 6.564471125602722168e-01
9.797979797979798899e-01 6.532582044601440430e-01
9.898989898989899450e-01 6.501023769378662109e-01
1.000000000000000000e+00 6.469841599464416504e-01
