5.800845474004745483e-02 7.389637082815170288e-02
5.544627830386161804e-02 7.543691992759704590e-02
4.954715445637702942e-02 7.361997663974761963e-02
4.650952666997909546e-02 7.187225669622421265e-02
4.433177039027214050e-02 7.047570496797561646e-02
4.262759909033775330e-02 6.940604001283645630e-02
4.124033451080322266e-02 6.860183924436569214e-02
4.008509591221809387e-02 6.800154596567153931e-02
3.910791128873825073e-02 6.754809617996215820e-02
3.827050328254699707e-02 6.719021499156951904e-02
3.754340857267379761e-02 6.688342988491058350e-02
3.690285235643386841e-02 6.659187376499176025e-02
3.632915765047073364e-02 6.628946214914321899e-02
3.580635786056518555e-02 6.595942378044128418e-02
3.532168269157409668e-02 6.559288501739501953e-02
3.486535698175430298e-02 6.518675386905670166e-02
3.443004190921783447e-02 6.474170088768005371e-02
3.401041775941848755e-02 6.426031142473220825e-02
3.360259160399436951e-02 6.374619901180267334e-02
3.320383653044700623e-02 6.320303678512573242e-02
3.281223773956298828e-02 6.263436377048492432e-02
3.242639452219009399e-02 6.204312294721603394e-02
3.204539790749549866e-02 6.143171712756156921e-02
3.166855871677398682e-02 6.080215424299240112e-02
3.129535913467407227e-02 6.015603244304656982e-02
3.092548064887523651e-02 5.949465930461883545e-02
3.055861219763755798e-02 5.881922319531440735e-02
3.019457869231700897e-02 5.813070759177207947e-02
2.983315289020538330e-02 5.743010342121124268e-02
2.947421558201313019e-02 5.671817809343338013e-02
2.911761775612831116e-02 5.599588900804519653e-02
2.876327931880950928e-02 5.526405572891235352e-02
2.841101959347724915e-02 5.452357232570648193e-02
2.806080877780914307e-02 5.377528071403503418e-02
2.771253883838653564e-02 5.301999300718307495e-02
2.736614085733890533e-02 5.225861817598342896e-02
2.702153846621513367e-02 5.149193108081817627e-02
2.667868509888648987e-02 5.072082579135894775e-02
2.633753418922424316e-02 4.994606226682662964e-02
2.599805407226085663e-02 4.916840791702270508e-02
2.566021867096424103e-02 4.838869720697402954e-02
2.532401308417320251e-02 4.760762304067611694e-02
2.498942799866199493e-02 4.682597517967224121e-02
2.465642616152763367e-02 4.604440182447433472e-02
2.432508021593093872e-02 4.526362940669059753e-02
2.399533800780773163e-02 4.448428377509117126e-02
2.366724237799644470e-02 4.370700567960739136e-02
2.334081940352916718e-02 4.293236136436462402e-02
2.301611192524433136e-02 4.216103255748748779e-02
2.269311249256134033e-02 4.139350727200508118e-02
2.237187512218952179e-02 4.063031449913978577e-02
2.205244451761245728e-02 3.987199068069458008e-02
2.173485793173313141e-02 3.911903128027915955e-02
2.141915634274482727e-02 3.837190195918083191e-02
2.110539749264717102e-02 3.763101249933242798e-02
2.079360932111740112e-02 3.689683973789215088e-02
2.048388868570327759e-02 3.616973757743835449e-02
2.017623186111450195e-02 3.545007109642028809e-02
1.987073943018913269e-02 3.473824262619018555e-02
1.956744492053985596e-02 3.403455018997192383e-02
1.926640421152114868e-02 3.333935886621475220e-02
1.896772161126136780e-02 3.265293315052986145e-02
1.867138780653476715e-02 3.197559714317321777e-02
1.837750524282455444e-02 3.130752593278884888e-02
1.808612793684005737e-02 3.064903244376182556e-02
1.779731921851634979e-02 3.000028617680072784e-02
1.751113682985305786e-02 2.936158329248428345e-02
1.722764596343040466e-02 2.873297035694122314e-02
1.694692298769950867e-02 2.811475470662117004e-02
1.666902378201484680e-02 2.750703692436218262e-02
1.639401726424694061e-02 2.690986916422843933e-02
1.612199097871780396e-02 2.632341906428337097e-02
1.585300080478191376e-02 2.574775740504264832e-02
1.558714359998703003e-02 2.518287673592567444e-02
1.532447803765535355e-02 2.462886273860931396e-02
1.506512612104415894e-02 2.408564276993274689e-02
1.480916328728199005e-02 2.355314418673515320e-02
1.455671899020671844e-02 2.303127013146877289e-02
1.430793292820453644e-02 2.251982316374778748e-02
1.406296528875827789e-02 2.201851829886436462e-02
1.382200233638286591e-02 2.152715995907783508e-02
1.358530391007661819e-02 2.104542963206768036e-02
1.335310284048318863e-02 2.057328820228576660e-02
1.312567293643951416e-02 2.011124417185783386e-02
1.290312781929969788e-02 1.966061443090438843e-02
1.268529705703258514e-02 1.922361366450786591e-02
1.247163303196430206e-02 1.880192756652832031e-02
1.226159930229187012e-02 1.839515939354896545e-02
1.205523684620857239e-02 1.800082251429557800e-02
1.185315940529108047e-02 1.761620119214057922e-02
1.165605708956718445e-02 1.723974943161010742e-02
1.146425027400255203e-02 1.687123067677021027e-02
1.127781905233860016e-02 1.651110686361789703e-02
1.109663955867290497e-02 1.616010814905166626e-02
1.092062145471572876e-02 1.581889390945434570e-02
1.074962317943572998e-02 1.548791676759719849e-02
1.058359164744615555e-02 1.516728475689888000e-02
1.042252499610185623e-02 1.485683117061853409e-02
1.026643998920917511e-02 1.455607730895280838e-02
1.011539436876773834e-02 1.426469907164573669e-02
9.969441220164299011e-03 1.398214139044284821e-02
9.828552603721618652e-03 1.370809040963649750e-02
9.692634455859661102e-03 1.344229280948638916e-02
9.561561048030853271e-03 1.318445522338151932e-02
9.435176849365234375e-03 1.293447986245155334e-02
9.313257411122322083e-03 1.269210781902074814e-02
9.195614606142044067e-03 1.245722733438014984e-02
9.082039818167686462e-03 1.222965028136968613e-02
8.972342126071453094e-03 1.200917363166809082e-02
8.866342715919017792e-03 1.179565116763114929e-02
8.763853460550308228e-03 1.158879976719617844e-02
8.664734661579132080e-03 1.138849649578332901e-02
8.568788878619670868e-03 1.119448151439428329e-02
8.475927636027336121e-03 1.100654713809490204e-02
8.385973982512950897e-03 1.082451269030570984e-02
8.298842236399650574e-03 1.064815931022167206e-02
8.214373141527175903e-03 1.047728396952152252e-02
8.132468909025192261e-03 1.031169388443231583e-02
8.053020574152469635e-03 1.015120837837457657e-02
7.975928485393524170e-03 9.995628148317337036e-03
7.901091128587722778e-03 9.844765998423099518e-03
7.828406989574432373e-03 9.698449634015560150e-03
7.757815998047590256e-03 9.556490927934646606e-03
7.689217105507850647e-03 9.418775327503681183e-03
7.622502744197845459e-03 9.285121224820613861e-03
7.557629607617855072e-03 9.155369363725185394e-03
7.494510151445865631e-03 9.029380045831203461e-03
7.433085236698389053e-03 8.907008916139602661e-03
7.373274303972721100e-03 8.788123726844787598e-03
7.315006107091903687e-03 8.672580122947692871e-03
7.258244790136814117e-03 8.560280315577983856e-03
7.202905602753162384e-03 8.451078087091445923e-03
7.148930337280035019e-03 8.344865404069423676e-03
7.096280809491872787e-03 8.241523057222366333e-03
7.044886704534292221e-03 8.140948601067066193e-03
6.994712166488170624e-03 8.043040521442890167e-03
6.945708766579627991e-03 7.947709411382675171e-03
6.897818297147750854e-03 7.854833267629146576e-03
6.851003505289554596e-03 7.764322683215141296e-03
6.805208511650562286e-03 7.676121313124895096e-03
6.760412827134132385e-03 7.590092252939939499e-03
6.716575473546981812e-03 7.506187073886394501e-03
6.673635449260473251e-03 7.424357812851667404e-03
6.631578318774700165e-03 7.344451732933521271e-03
6.590368226170539856e-03 7.266450673341751099e-03
6.549965590238571167e-03 7.190277799963951111e-03
6.510348059237003326e-03 7.115832529962062836e-03
6.471472326666116714e-03 7.043091114610433578e-03
6.433305330574512482e-03 6.971977651119232178e-03
6.395832635462284088e-03 6.902430206537246704e-03
6.359028629958629608e-03 6.834375672042369843e-03
6.322856061160564423e-03 6.767779123038053513e-03
6.287297233939170837e-03 6.702584680169820786e-03
6.252320017665624619e-03 6.638734135776758194e-03
6.217912305146455765e-03 6.576179526746273041e-03
6.184057332575321198e-03 6.514876615256071091e-03
6.150719709694385529e-03 6.454768124967813492e-03
6.117884535342454910e-03 6.395820062607526779e-03
6.085528526455163956e-03 6.337990518659353256e-03
6.053640972822904587e-03 6.281252484768629074e-03
6.022199057042598724e-03 6.225550081580877304e-03
5.991180893033742905e-03 6.170855369418859482e-03
5.960589740425348282e-03 6.117104552686214447e-03
5.930392071604728699e-03 6.064306944608688354e-03
5.900572985410690308e-03 6.012391764670610428e-03
5.871132016181945801e-03 5.961361341178417206e-03
5.842026323080062866e-03 5.911155138164758682e-03
5.813279189169406891e-03 5.861763376742601395e-03
5.784861277788877487e-03 5.813132040202617645e-03
5.756763275712728500e-03 5.765281151980161667e-03
5.728953983634710312e-03 5.718149244785308838e-03
5.701445508748292923e-03 5.671713501214981079e-03
5.674212705343961716e-03 5.625944118946790695e-03
5.647248588502407074e-03 5.580849479883909225e-03
5.620564334094524384e-03 5.536374635994434357e-03
5.594125948846340179e-03 5.492513068020343781e-03
5.567917600274085999e-03 5.449226591736078262e-03
5.541958380490541458e-03 5.406525917351245880e-03
5.516228731721639633e-03 5.364390090107917786e-03
5.490710493177175522e-03 5.322756245732307434e-03
5.465402267873287201e-03 5.281679332256317139e-03
5.440288223326206207e-03 5.241076461970806122e-03
5.415385589003562927e-03 5.200936459004878998e-03
5.390669219195842743e-03 5.161307286471128464e-03
5.366111639887094498e-03 5.122118163853883743e-03
5.341743584722280502e-03 5.083366297185420990e-03
5.317546427249908447e-03 5.045042838901281357e-03
5.293508060276508331e-03 5.007124505937099457e-03
5.269639659672975540e-03 4.969624802470207214e-03
5.245919805020093918e-03 4.932492971420288086e-03
5.222340580075979233e-03 4.895755555480718613e-03
5.198911763727664948e-03 4.859373439103364944e-03
5.175619386136531830e-03 4.823342431336641312e-03
5.152447149157524109e-03 4.787669982761144638e-03
5.129413213580846786e-03 4.752351902425289154e-03
5.106505937874317169e-03 4.717327188700437546e-03
5.083715543150901794e-03 4.682644736021757126e-03
5.061045289039611816e-03 4.648229572921991348e-03
5.038487259298563004e-03 4.614155739545822144e-03
5.016037262976169586e-03 4.580368753522634506e-03
4.993683658540248871e-03 4.546862561255693436e-03
4.971455782651901245e-03 4.513638559728860855e-03
4.949301946908235550e-03 4.480705596506595612e-03
4.927273374050855637e-03 4.447998013347387314e-03
4.905316978693008423e-03 4.415574017912149429e-03
4.883444868028163910e-03 4.383402876555919647e-03
4.861677065491676331e-03 4.351481329649686813e-03
4.839996807277202606e-03 4.319797735661268234e-03
4.818389192223548889e-03 4.288349766284227371e-03
4.796861670911312103e-03 4.257129039615392685e-03
4.775417037308216095e-03 4.226131830364465714e-03
4.754072520881891251e-03 4.195360932499170303e-03
4.732774104923009872e-03 4.164813552051782608e-03
4.711556714028120041e-03 4.134479444473981857e-03
4.690405447036027908e-03 4.104345105588436127e-03
4.669331945478916168e-03 4.074432887136936188e-03
4.648326896131038666e-03 4.044710192829370499e-03
4.627389833331108093e-03 4.015198443084955215e-03
4.606496542692184448e-03 3.985870629549026489e-03
4.585687536746263504e-03 3.956740256398916245e-03
4.564942792057991028e-03 3.927782177925109863e-03
4.544252064079046249e-03 3.899033647030591965e-03
4.523613490164279938e-03 3.870470682159066200e-03
4.503055941313505173e-03 3.842073027044534683e-03
4.482530523091554642e-03 3.813864197582006454e-03
4.462070763111114502e-03 3.785836510360240936e-03
4.441663622856140137e-03 3.757969010621309280e-03
4.421312361955642700e-03 3.730280091986060143e-03
4.401024430990219116e-03 3.702759509906172752e-03
4.380776546895503998e-03 3.675417974591255188e-03
4.360580816864967346e-03 3.648222889751195908e-03
4.340447951108217239e-03 3.621216164901852608e-03
4.320350941270589828e-03 3.594353562220931053e-03
4.300310742110013962e-03 3.567656502127647400e-03
4.280316177755594254e-03 3.541140351444482803e-03
4.260364919900894165e-03 3.514750860631465912e-03
4.240472335368394852e-03 3.488539019599556923e-03
4.220633301883935928e-03 3.462465014308691025e-03
4.200835246592760086e-03 3.436570987105369568e-03
4.181066527962684631e-03 3.410831792280077934e-03
4.161357879638671875e-03 3.385224379599094391e-03
4.141697660088539124e-03 3.359786700457334518e-03
4.122084937989711761e-03 3.334500594064593315e-03
4.102502018213272095e-03 3.309369785711169243e-03
4.082976840436458588e-03 3.284378908574581146e-03
4.063489846885204315e-03 3.259527031332254410e-03
4.044055007398128510e-03 3.234836505725979805e-03
4.024659283459186554e-03 3.210292430594563484e-03
4.005305469036102295e-03 3.185907378792762756e-03
3.985995892435312271e-03 3.161658532917499542e-03
3.966732416301965714e-03 3.137558232992887497e-03
3.947511781007051468e-03 3.113602986559271812e-03
3.928336314857006073e-03 3.089786041527986526e-03
3.909206017851829529e-03 3.066138597205281258e-03
3.890102729201316833e-03 3.042641328647732735e-03
3.871062770485877991e-03 3.019245807081460953e-03
3.852058667689561844e-03 2.996027702465653419e-03
3.833102062344551086e-03 2.972943242639303207e-03
3.814179450273513794e-03 2.950007095932960510e-03
3.795303171500563622e-03 2.927225548774003983e-03
3.776469733566045761e-03 2.904576249420642853e-03
3.757678903639316559e-03 2.882075030356645584e-03
3.738932544365525246e-03 2.859709318727254868e-03
3.720230655744671822e-03 2.837495179846882820e-03
3.701571375131607056e-03 2.815421437844634056e-03
3.682958194985985756e-03 2.793499967083334923e-03
3.664381336420774460e-03 2.771712141111493111e-03
3.645855002105236053e-03 2.750060986727476120e-03
3.627372672781348228e-03 2.728576771914958954e-03
3.608943428844213486e-03 2.707215957343578339e-03
3.590544685721397400e-03 2.686001593247056007e-03
3.572182497009634972e-03 2.664932515472173691e-03
3.553868737071752548e-03 2.644024090841412544e-03
3.535602474585175514e-03 2.623246051371097565e-03
3.517400939017534256e-03 2.602592576295137405e-03
3.499250160530209541e-03 2.582097426056861877e-03
3.481116145849227905e-03 2.561749890446662903e-03
3.463023342192173004e-03 2.541552763432264328e-03
3.444976871833205223e-03 2.521483926102519035e-03
3.426987444981932640e-03 2.501580631360411644e-03
3.409038763493299484e-03 2.481796313077211380e-03
3.391160629689693451e-03 2.462156116962432861e-03
3.373301820829510689e-03 2.442681463435292244e-03
3.355490975081920624e-03 2.423321362584829330e-03
3.337733913213014603e-03 2.404128201305866241e-03
3.320025280117988586e-03 2.385067986324429512e-03
3.302372526377439499e-03 2.366149798035621643e-03
3.284755162894725800e-03 2.347378060221672058e-03
3.267175750806927681e-03 2.328771632164716721e-03
3.249643370509147644e-03 2.310296986252069473e-03
3.232180140912532806e-03 2.291944110766053200e-03
3.214756026864051819e-03 2.273758407682180405e-03
3.197374520823359489e-03 2.255704486742615700e-03
3.180054947733879089e-03 2.237797947600483894e-03
3.162779379636049271e-03 2.220021793618798256e-03
3.145559690892696381e-03 2.202413743361830711e-03
3.128364682197570801e-03 2.184941433370113373e-03
3.111236728727817535e-03 2.167602535337209702e-03
3.094172105193138123e-03 2.150411019101738930e-03
3.077145200222730637e-03 2.133367350324988365e-03
3.060152521356940269e-03 2.116490388289093971e-03
3.043215954676270485e-03 2.099723089486360550e-03
3.026349004358053207e-03 2.083096886053681374e-03
3.009539097547531128e-03 2.066613174974918365e-03
2.992772497236728668e-03 2.050286158919334412e-03
2.976042684167623520e-03 2.034115372225642204e-03
2.959365025162696838e-03 2.018065890297293663e-03
2.942752093076705933e-03 2.002169378101825714e-03
2.926185727119445801e-03 1.986401155591011047e-03
2.909679664298892021e-03 1.970787532627582550e-03
2.893224358558654785e-03 1.955311512574553490e-03
2.876816783100366592e-03 1.939984620548784733e-03
2.860460197553038597e-03 1.924796029925346375e-03
2.844152506440877914e-03 1.909747603349387646e-03
2.827911172062158585e-03 1.894823624752461910e-03
2.811724320054054260e-03 1.880061347037553787e-03
2.795588923618197441e-03 1.865430735051631927e-03
2.779508009552955627e-03 1.850944478064775467e-03
2.763469237834215164e-03 1.836605370044708252e-03
2.747487043961882591e-03 1.822403050027787685e-03
2.731570741161704063e-03 1.808326342143118382e-03
2.715717535465955734e-03 1.794376061297953129e-03
2.699907869100570679e-03 1.780591323040425777e-03
2.684153383597731590e-03 1.766943489201366901e-03
2.668456872925162315e-03 1.753432676196098328e-03
2.652807626873254776e-03 1.740059116855263710e-03
2.637225668877363205e-03 1.726825605146586895e-03
2.621693536639213562e-03 1.713708159513771534e-03
2.606230089440941811e-03 1.700745313428342342e-03
2.590800635516643524e-03 1.687933574430644512e-03
2.575435908511281013e-03 1.675233361311256886e-03
2.560134045779705048e-03 1.662691356614232063e-03
2.544887363910675049e-03 1.650261227041482925e-03
2.529704943299293518e-03 1.637967186979949474e-03
2.514574443921446800e-03 1.625812263227999210e-03
2.499495632946491241e-03 1.613802625797688961e-03
2.484469674527645111e-03 1.601926400326192379e-03
2.469507511705160141e-03 1.590177300386130810e-03
2.454611938446760178e-03 1.578545430675148964e-03
2.439778530970215797e-03 1.567045110277831554e-03
2.424998674541711807e-03 1.555709983222186565e-03
2.410261193290352821e-03 1.544488011859357357e-03
2.395581686869263649e-03 1.533412607386708260e-03
2.380960620939731598e-03 1.522457925602793694e-03
2.366396831348538399e-03 1.511632814072072506e-03
2.351916627958416939e-03 1.500897109508514404e-03
2.337501151487231255e-03 1.490309368818998337e-03
2.323142718523740768e-03 1.479859463870525360e-03
2.308813389390707016e-03 1.469568000175058842e-03
2.294535515829920769e-03 1.459413673728704453e-03
2.280296292155981064e-03 1.449376228265464306e-03
2.266155555844306946e-03 1.439406536519527435e-03
2.252107951790094376e-03 1.429557334631681442e-03
2.238114364445209503e-03 1.419853069819509983e-03
2.224174328148365021e-03 1.410302356816828251e-03
2.210245933383703232e-03 1.400927896611392498e-03
2.196355490013957024e-03 1.391658326610922813e-03
2.182552823796868324e-03 1.382459886372089386e-03
2.168851438909769058e-03 1.373353647068142891e-03
2.155222930014133453e-03 1.364368596114218235e-03
2.141633071005344391e-03 1.355560496449470520e-03
2.128078369423747063e-03 1.346894772723317146e-03
2.114562317728996277e-03 1.338368281722068787e-03
2.101114485412836075e-03 1.329930964857339859e-03
2.087747212499380112e-03 1.321557560004293919e-03
2.074471674859523773e-03 1.313304761424660683e-03
2.061257371678948402e-03 1.305175013840198517e-03
2.048092428594827652e-03 1.297205337323248386e-03
2.034954726696014404e-03 1.289390493184328079e-03
2.021854743361473083e-03 1.281717326492071152e-03
2.008805517107248306e-03 1.274114125408232212e-03
1.995870377868413925e-03 1.266552135348320007e-03
1.983030000701546669e-03 1.259083743207156658e-03
1.970269018784165382e-03 1.251755515113472939e-03
1.957532949745655060e-03 1.244624727405607700e-03
1.944790594279766083e-03 1.237695105373859406e-03
1.932057784870266914e-03 1.230858732014894485e-03
1.919422182254493237e-03 1.224047504365444183e-03
1.906941877678036690e-03 1.217196346260607243e-03
1.894603716209530830e-03 1.210426446050405502e-03
1.882320502772927284e-03 1.203890424221754074e-03
1.869983971118927002e-03 1.197680132463574409e-03
1.857558148913085461e-03 1.191718620248138905e-03
1.845133374445140362e-03 1.185785164125263691e-03
1.832877518609166145e-03 1.179649378173053265e-03
1.820947043597698212e-03 1.173249911516904831e-03
1.809289329685270786e-03 1.166915288195014000e-03
1.797636970877647400e-03 1.161143998615443707e-03
1.785626518540084362e-03 1.156227663159370422e-03
1.773191732354462147e-03 1.151807489804923534e-03
1.760667772032320499e-03 1.147047500126063824e-03
1.748706214129924774e-03 1.141111948527395725e-03
1.737789483740925789e-03 1.133982324972748756e-03
1.727672992274165154e-03 1.126968301832675934e-03
1.717266859486699104e-03 1.121972571127116680e-03
1.705270260572433472e-03 1.120164524763822556e-03
1.691265730187296867e-03 1.120257889851927757e-03
1.676611136645078659e-03 1.118588610552251339e-03
1.664124429225921631e-03 1.111010555177927017e-03
1.656282925978302956e-03 1.096717664040625095e-03
1.652682432904839516e-03 1.081261434592306614e-03
1.648428617045283318e-03 1.075178384780883789e-03
1.635908847674727440e-03 1.086752628907561302e-03
1.611047191545367241e-03 1.112557365559041500e-03
1.579450326971709728e-03 1.133515848778188229e-03
1.555931987240910530e-03 1.121649169363081455e-03
1.558156218379735947e-03 1.058350084349513054e-03
1.596288289874792099e-03 9.646408725529909134e-04
1.650529680773615837e-03 9.185733506456017494e-04
1.652420265600085258e-03 1.005915342830121517e-03
1.549071632325649261e-03 1.236253301613032818e-03
1.385726500302553177e-03 1.542943064123392105e-03
1.236030948348343372e-03 1.874130684882402420e-03
1.122554414905607700e-03 2.318233717232942581e-03
1.037038979120552540e-03 3.748155431821942329e-03
1.495286822319030762e-03 1.436262298375368118e-02
6.112548522651195526e-03 9.795519523322582245e-03
2.502285176888108253e-03 5.242859013378620148e-03
1.321802847087383270e-03 4.541039932519197464e-03
1.226428663358092308e-03 4.839374683797359467e-03
1.344799646176397800e-03 5.799483973532915115e-03
1.690364442765712738e-03 7.158809807151556015e-03
2.165465150028467178e-03 7.736482657492160797e-03
2.255034167319536209e-03 7.103973068296909332e-03
1.970885787159204483e-03 6.427895277738571167e-03
1.767199486494064331e-03 6.236308254301548004e-03
1.747126458212733269e-03 6.456562783569097519e-03
1.854053931310772896e-03 6.804380100220441818e-03
1.977954292669892311e-03 6.938386242836713791e-03
2.003694651648402214e-03 6.790386512875556946e-03
1.938586239702999592e-03 6.584269925951957703e-03
1.874745124951004982e-03 6.500357761979103088e-03
1.862931414507329464e-03 6.549365818500518799e-03
1.893549691885709763e-03 6.635779514908790588e-03
1.927633304148912430e-03 6.662197876721620560e-03
1.934392144903540611e-03 6.613727658987045288e-03
1.916678855195641518e-03 6.546552293002605438e-03
1.897900947369635105e-03 6.512291263788938522e-03
1.893636770546436310e-03 6.516890600323677063e-03
1.901934156194329262e-03 6.532513070851564407e-03
1.911162398755550385e-03 6.531636696308851242e-03
1.912730513140559196e-03 6.510313134640455246e-03
1.907482976093888283e-03 6.483782082796096802e-03
1.901834039017558098e-03 6.466535851359367371e-03
1.900275470688939095e-03 6.460486911237239838e-03
1.902269665151834488e-03 6.457624491304159164e-03
1.904514618217945099e-03 6.450411397963762283e-03
1.904632197692990303e-03 6.437792908400297165e-03
1.902868039906024933e-03 6.423906423151493073e-03
1.900992938317358494e-03 6.412759423255920410e-03
1.900253118947148323e-03 6.404832936823368073e-03
1.900497940368950367e-03 6.397977471351623535e-03
1.900804461911320686e-03 6.390048190951347351e-03
1.900539384223520756e-03 6.380888633430004120e-03
1.899768598377704620e-03 6.371511612087488174e-03
1.898967893794178963e-03 6.363003049045801163e-03
1.898452406749129295e-03 6.355464924126863480e-03
1.898236689157783985e-03 6.348451133817434311e-03
1.898045651614665985e-03 6.341252941638231277e-03
1.897693728096783161e-03 6.333874072879552841e-03
1.897210022434592247e-03 6.326494272798299789e-03
1.896701636724174023e-03 6.319501437246799469e-03
1.896288478747010231e-03 6.312912795692682266e-03
1.895946916192770004e-03 6.306557916104793549e-03
1.895625726319849491e-03 6.300280336290597916e-03
1.895255758427083492e-03 6.294030230492353439e-03
1.894858083687722683e-03 6.287904456257820129e-03
1.894453074783086777e-03 6.281985901296138763e-03
1.894072163850069046e-03 6.276234984397888184e-03
1.893708715215325356e-03 6.270640064030885696e-03
1.893359585665166378e-03 6.265199277549982071e-03
1.892998348921537399e-03 6.259812973439693451e-03
1.892630942165851593e-03 6.254588253796100616e-03
1.892258995212614536e-03 6.249419413506984711e-03
1.891877967864274979e-03 6.244429387152194977e-03
1.891530002467334270e-03 6.239606533199548721e-03
1.891195541247725487e-03 6.234827451407909393e-03
1.890829764306545258e-03 6.230127066373825073e-03
1.890454674139618874e-03 6.225519347935914993e-03
1.890101004391908646e-03 6.221051793545484543e-03
1.889752689749002457e-03 6.216703448444604874e-03
1.889414852485060692e-03 6.212425418198108673e-03
1.889073988422751427e-03 6.208209786564111710e-03
1.888718688860535622e-03 6.204064469784498215e-03
1.888352679088711739e-03 6.199998781085014343e-03
1.887998078018426895e-03 6.196048110723495483e-03
1.887666294351220131e-03 6.192192435264587402e-03
1.887327991425991058e-03 6.188397761434316635e-03
1.886991085484623909e-03 6.184678524732589722e-03
1.886654412373900414e-03 6.181007251143455505e-03
1.886301441118121147e-03 6.177367176860570908e-03
1.885949401184916496e-03 6.173849105834960938e-03
1.885622157715260983e-03 6.170393433421850204e-03
1.885281410068273544e-03 6.166960112750530243e-03
1.884942874312400818e-03 6.163615733385086060e-03
1.884612487629055977e-03 6.160335615277290344e-03
1.884278026409447193e-03 6.157086230814456940e-03
1.883945660665631294e-03 6.153882946819067001e-03
1.883599907159805298e-03 6.150733213871717453e-03
1.883271615952253342e-03 6.147665902972221375e-03
1.882945885881781578e-03 6.144645623862743378e-03
1.882616197690367699e-03 6.141621619462966919e-03
1.882269862107932568e-03 6.138652563095092773e-03
1.881947391666471958e-03 6.135785952210426331e-03
1.881623757071793079e-03 6.132901180535554886e-03
1.881291856989264488e-03 6.130101159214973450e-03
1.880968455225229263e-03 6.127313245087862015e-03
1.880644354969263077e-03 6.124590989202260971e-03
1.880321884527802467e-03 6.121872924268245697e-03
1.879987074062228203e-03 6.119184195995330811e-03
1.879656454548239708e-03 6.116551347076892853e-03
1.879347604699432850e-03 6.113987416028976440e-03
1.879029907286167145e-03 6.111425347626209259e-03
1.878700451925396919e-03 6.108848843723535538e-03
1.878374489024281502e-03 6.106351967900991440e-03
1.878065173514187336e-03 6.103915162384510040e-03
1.877748291008174419e-03 6.101435981690883636e-03
1.877424889244139194e-03 6.099006626754999161e-03
1.877109054476022720e-03 6.096631754189729691e-03
1.876781461760401726e-03 6.094241980463266373e-03
1.876472262665629387e-03 6.091915536671876907e-03
1.876159105449914932e-03 6.089624017477035522e-03
1.875844318419694901e-03 6.087304092943668365e-03
1.875519519671797752e-03 6.085016764700412750e-03
1.875209622085094452e-03 6.082802079617977142e-03
1.874895300716161728e-03 6.080570630729198456e-03
1.874593202956020832e-03 6.078438833355903625e-03
1.874297857284545898e-03 6.076240912079811096e-03
1.873977715149521828e-03 6.074058823287487030e-03
1.873652450740337372e-03 6.071868352591991425e-03
1.873331842944025993e-03 6.069777533411979675e-03
1.873030792921781540e-03 6.067702081054449081e-03
1.872726250439882278e-03 6.065636873245239258e-03
1.872430555522441864e-03 6.063572596758604050e-03
1.872118562459945679e-03 6.061505060642957687e-03
1.871802378445863724e-03 6.059445440769195557e-03
1.871499000117182732e-03 6.057454273104667664e-03
1.871196320280432701e-03 6.055446341633796692e-03
1.870897598564624786e-03 6.053480319678783417e-03
1.870590960606932640e-03 6.051493342965841293e-03
1.870283042080700397e-03 6.049523595720529556e-03
1.869986066594719887e-03 6.047618109732866287e-03
1.869688043370842934e-03 6.045700050890445709e-03
1.869376981630921364e-03 6.043744739145040512e-03
1.869073836132884026e-03 6.041903514415025711e-03
1.868790946900844574e-03 6.040014326572418213e-03
1.868490595370531082e-03 6.038121879100799561e-03
1.868180930614471436e-03 6.036226637661457062e-03
1.867869403213262558e-03 6.034368183463811874e-03
1.867570215836167336e-03 6.032540928572416306e-03
1.867289538495242596e-03 6.030763033777475357e-03
1.866992563009262085e-03 6.028930190950632095e-03
1.866695820353925228e-03 6.027112249284982681e-03
1.866392907686531544e-03 6.025318987667560577e-03
1.866099191829562187e-03 6.023515947163105011e-03
1.865814672783017159e-03 6.021793000400066376e-03
1.865534693934023380e-03 6.020030938088893890e-03
1.865233527496457100e-03 6.018238607794046402e-03
1.864927122369408607e-03 6.016462575644254684e-03
1.864630030468106270e-03 6.014736834913492203e-03
1.864339690655469894e-03 6.013007368892431259e-03
1.864052959717810154e-03 6.011301185935735703e-03
1.863768789917230606e-03 6.009604781866073608e-03
1.863478100858628750e-03 6.007906049489974976e-03
1.863196725025773048e-03 6.006234791129827499e-03
1.862903591245412827e-03 6.004514638334512711e-03
1.862604171037673950e-03 6.002851296216249466e-03
1.862321514636278152e-03 6.001178640872240067e-03
1.862036762759089470e-03 5.999535787850618362e-03
1.861747819930315018e-03 5.997860804200172424e-03
1.861460856162011623e-03 5.996189545840024948e-03
1.861180877313017845e-03 5.994580686092376709e-03
1.860893680714070797e-03 5.992903839796781540e-03
1.860602875240147114e-03 5.991303361952304840e-03
1.860321382991969585e-03 5.989666562527418137e-03
1.860038843005895615e-03 5.988100077956914902e-03
1.859759096987545490e-03 5.986496806144714355e-03
1.859480747953057289e-03 5.984877701848745346e-03
1.859193784184753895e-03 5.983264185488224030e-03
1.858906587585806847e-03 5.981684662401676178e-03
1.858633244410157204e-03 5.980120040476322174e-03
1.858364208601415157e-03 5.978590343147516251e-03
1.858078525401651859e-03 5.976981483399868011e-03
1.857790048234164715e-03 5.975397769361734390e-03
1.857505878433585167e-03 5.973844788968563080e-03
1.857231720350682735e-03 5.972309969365596771e-03
1.856966177001595497e-03 5.970777478069067001e-03
1.856689574196934700e-03 5.969211459159851074e-03
1.856391201727092266e-03 5.967622157186269760e-03
1.856112736277282238e-03 5.966117605566978455e-03
1.855849754065275192e-03 5.964621901512145996e-03
1.855582697317004204e-03 5.963127128779888153e-03
1.855305745266377926e-03 5.961597897112369537e-03
1.855027046985924244e-03 5.960066337138414383e-03
1.854743575677275658e-03 5.958558525890111923e-03
1.854466507211327553e-03 5.957037210464477539e-03
1.854198053479194641e-03 5.955605767667293549e-03
1.853939727880060673e-03 5.954114720225334167e-03
1.853668829426169395e-03 5.952628329396247864e-03
1.853389316238462925e-03 5.951091647148132324e-03
1.853108871728181839e-03 5.949630402028560638e-03
1.852841814979910851e-03 5.948144476860761642e-03
1.852568238973617554e-03 5.946684163063764572e-03
1.852308399975299835e-03 5.945242475718259811e-03
1.852034358307719231e-03 5.943746771663427353e-03
1.851763576269149780e-03 5.942313000559806824e-03
1.851495821028947830e-03 5.940854083746671677e-03
1.851223409175872803e-03 5.939399357885122299e-03
1.850959728471934795e-03 5.937980487942695618e-03
1.850687549449503422e-03 5.936529487371444702e-03
1.850422471761703491e-03 5.935077089816331863e-03
1.850147498771548271e-03 5.933660548180341721e-03
1.849889522418379784e-03 5.932250991463661194e-03
1.849630963988602161e-03 5.930839572101831436e-03
1.849365886300802231e-03 5.929381586611270905e-03
1.849090680480003357e-03 5.927949678152799606e-03
1.848815707489848137e-03 5.926516838371753693e-03
1.848554704338312149e-03 5.925153847783803940e-03
1.848312094807624817e-03 5.923775024712085724e-03
1.848048879764974117e-03 5.922347772866487503e-03
1.847776118665933609e-03 5.920961964875459671e-03
1.847522682510316372e-03 5.919569637626409531e-03
1.847251551225781441e-03 5.918167997151613235e-03
1.846976927481591702e-03 5.916734226047992706e-03
1.846721279434859753e-03 5.915398709475994110e-03
1.846468891017138958e-03 5.914017558097839355e-03
1.846203231252729893e-03 5.912635475397109985e-03
1.845944439992308617e-03 5.911265965551137924e-03
1.845688093453645706e-03 5.909895058721303940e-03
1.845435239374637604e-03 5.908535327762365341e-03
1.845168881118297577e-03 5.907152779400348663e-03
1.844901591539382935e-03 5.905788391828536987e-03
1.844645361416041851e-03 5.904435645788908005e-03
1.844379934482276440e-03 5.903089419007301331e-03
1.844131620600819588e-03 5.901736207306385040e-03
1.843864563852548599e-03 5.900365766137838364e-03
1.843607285991311073e-03 5.899050273001194000e-03
1.843358390033245087e-03 5.897727329283952713e-03
1.843116944655776024e-03 5.896373651921749115e-03
1.842854078859090805e-03 5.895039532333612442e-03
1.842596335336565971e-03 5.893694236874580383e-03
1.842332072556018829e-03 5.892356857657432556e-03
1.842077588662505150e-03 5.891031119972467422e-03
1.841831835918128490e-03 5.889728665351867676e-03
1.841576653532683849e-03 5.888398271054029465e-03
1.841322053223848343e-03 5.887086503207683563e-03
1.841059420257806778e-03 5.885752383619546890e-03
1.840811921283602715e-03 5.884464830160140991e-03
1.840557786636054516e-03 5.883139092475175858e-03
1.840302022174000740e-03 5.881850607693195343e-03
1.840062905102968216e-03 5.880540236830711365e-03
1.839804579503834248e-03 5.879243370145559311e-03
1.839543692767620087e-03 5.877912510186433792e-03
1.839298056438565254e-03 5.876642651855945587e-03
1.839046599343419075e-03 5.875371862202882767e-03
1.838795375078916550e-03 5.874045658856630325e-03
1.838535419665277004e-03 5.872760899364948273e-03
1.838285592384636402e-03 5.871489644050598145e-03
1.838052179664373398e-03 5.870244465768337250e-03
1.837804331444203854e-03 5.868928041309118271e-03
1.837547519244253635e-03 5.867665633559226990e-03
1.837291289120912552e-03 5.866377614438533783e-03
1.837041345424950123e-03 5.865095183253288269e-03
1.836797688156366348e-03 5.863886792212724686e-03
1.836563693359494209e-03 5.862633697688579559e-03
1.836313051171600819e-03 5.861320532858371735e-03
1.836055074818432331e-03 5.860059056431055069e-03
1.835807692259550095e-03 5.858768709003925323e-03
1.835563220083713531e-03 5.857575684785842896e-03
1.835328526794910431e-03 5.856327246874570847e-03
1.835077069699764252e-03 5.855028983205556870e-03
1.834819559007883072e-03 5.853777285665273666e-03
1.834584632888436317e-03 5.852533504366874695e-03
1.834329101257026196e-03 5.851272493600845337e-03
1.834082999266684055e-03 5.850063636898994446e-03
1.833849819377064705e-03 5.848824512213468552e-03
1.833604415878653526e-03 5.847620777785778046e-03
1.833373447880148888e-03 5.846389569342136383e-03
1.833115238696336746e-03 5.845145788043737411e-03
1.832867972552776337e-03 5.843918770551681519e-03
1.832623733207583427e-03 5.842668004333972931e-03
1.832376816309988499e-03 5.841482896357774734e-03
1.832137349992990494e-03 5.840245168656110764e-03
1.831903588026762009e-03 5.839006043970584869e-03
1.831654226407408714e-03 5.837792530655860901e-03
1.831404864788055420e-03 5.836559459567070007e-03
1.831161091104149818e-03 5.835380405187606812e-03
1.830934314057230949e-03 5.834206473082304001e-03
1.830706023611128330e-03 5.832985974848270416e-03
1.830467488616704941e-03 5.831783637404441833e-03
1.830216031521558762e-03 5.830549634993076324e-03
1.829965272918343544e-03 5.829323548823595047e-03
1.829719753004610538e-03 5.828132852911949158e-03
1.829480519518256187e-03 5.826976150274276733e-03
1.829257467761635780e-03 5.825777072459459305e-03
1.829013694077730179e-03 5.824583116918802261e-03
1.828771783038973808e-03 5.823388230055570602e-03
1.828529872000217438e-03 5.822183098644018173e-03
1.828303793445229530e-03 5.821021273732185364e-03
1.828058855608105659e-03 5.819837562739849091e-03
1.827825442887842655e-03 5.818649660795927048e-03
1.827580854296684265e-03 5.817453842610120773e-03
1.827331259846687317e-03 5.816266871988773346e-03
1.827098312787711620e-03 5.815141368657350540e-03
1.826875377446413040e-03 5.813966505229473114e-03
1.826646272093057632e-03 5.812819115817546844e-03
1.826410647481679916e-03 5.811640527099370956e-03
1.826174440793693066e-03 5.810455884784460068e-03
1.825928105972707272e-03 5.809284280985593796e-03
1.825677929446101189e-03 5.808078218251466751e-03
1.825440442189574242e-03 5.806960165500640869e-03
1.825228100642561913e-03 5.805817898362874985e-03
1.824994105845689774e-03 5.804667249321937561e-03
1.824752893298864365e-03 5.803483072668313980e-03
1.824510167352855206e-03 5.802317988127470016e-03
1.824278966523706913e-03 5.801192950457334518e-03
1.824054867029190063e-03 5.800071638077497482e-03
1.823813072405755520e-03 5.798881873488426208e-03
1.823574770241975784e-03 5.797738675028085709e-03
1.823346363380551338e-03 5.796601064503192902e-03
1.823108410462737083e-03 5.795440170913934708e-03
1.822884893044829369e-03 5.794332362711429596e-03
1.822658581659197807e-03 5.793232005089521408e-03
1.822433201596140862e-03 5.792071111500263214e-03
1.822172664105892181e-03 5.790896713733673096e-03
1.821948564611375332e-03 5.789796821773052216e-03
1.821715733967721462e-03 5.788677372038364410e-03
1.821494079194962978e-03 5.787560716271400452e-03
1.821262529119849205e-03 5.786424502730369568e-03
1.821035984903573990e-03 5.785278044641017914e-03
1.820791629143059254e-03 5.784140899777412415e-03
1.820554374717175961e-03 5.783041939139366150e-03
1.820329460315406322e-03 5.781921558082103729e-03
1.820106408558785915e-03 5.780850071460008621e-03
1.819882309064269066e-03 5.779698025435209274e-03
1.819638302549719810e-03 5.778582300990819931e-03
1.819420373067259789e-03 5.777501035481691360e-03
1.819202443584799767e-03 5.776352249085903168e-03
1.818951917812228203e-03 5.775242578238248825e-03
1.818726654164493084e-03 5.774134770035743713e-03
1.818500109948217869e-03 5.773068405687808990e-03
1.818274729885160923e-03 5.771974101662635803e-03
1.818053657189011574e-03 5.770885385572910309e-03
1.817822689190506935e-03 5.769750103354454041e-03
1.817583339288830757e-03 5.768659058958292007e-03
1.817355863749980927e-03 5.767553113400936127e-03
1.817123615182936192e-03 5.766463000327348709e-03
1.816913834773004055e-03 5.765418056398630142e-03
1.816690200939774513e-03 5.764283705502748489e-03
1.816452364437282085e-03 5.763185676187276840e-03
1.816213596612215042e-03 5.762082990258932114e-03
1.815993222407996655e-03 5.761024542152881622e-03
1.815782161429524422e-03 5.759976804256439209e-03
1.815553754568099976e-03 5.758878309279680252e-03
1.815321971662342548e-03 5.757771432399749756e-03
1.815092051401734352e-03 5.756715312600135803e-03
1.814881805330514908e-03 5.755671765655279160e-03
1.814656658098101616e-03 5.754570942372083664e-03
1.814409857615828514e-03 5.753476172685623169e-03
1.814184826798737049e-03 5.752410739660263062e-03
1.813967712223529816e-03 5.751367658376693726e-03
1.813755370676517487e-03 5.750307813286781311e-03
1.813518814742565155e-03 5.749210249632596970e-03
1.813291804865002632e-03 5.748129449784755707e-03
1.813071314245462418e-03 5.747101735323667526e-03
1.812856527976691723e-03 5.746069829910993576e-03
1.812640577554702759e-03 5.744982510805130005e-03
1.812407746911048889e-03 5.743925925344228745e-03
1.812167814932763577e-03 5.742809269577264786e-03
1.811939524486660957e-03 5.741818808019161224e-03
1.811741152778267860e-03 5.740769673138856888e-03
1.811513677239418030e-03 5.739697720855474472e-03
1.811286201700568199e-03 5.738670937716960907e-03
1.811067573726177216e-03 5.737608764320611954e-03
1.810839516110718250e-03 5.736538674682378769e-03
1.810611924156546593e-03 5.735515151172876358e-03
1.810398185625672340e-03 5.734488833695650101e-03
1.810191082768142223e-03 5.733476951718330383e-03
1.809974433854222298e-03 5.732405465096235275e-03
1.809734385460615158e-03 5.731325130909681320e-03
1.809497713111341000e-03 5.730274133384227753e-03
1.809283625334501266e-03 5.729291122406721115e-03
1.809076871722936630e-03 5.728252232074737549e-03
1.808862551115453243e-03 5.727252922952175140e-03
1.808643573895096779e-03 5.726169794797897339e-03
1.808404806070029736e-03 5.725135095417499542e-03
1.808184897527098656e-03 5.724092479795217514e-03
1.807968248613178730e-03 5.723089911043643951e-03
1.807767199352383614e-03 5.722094327211380005e-03
1.807536697015166283e-03 5.721013061702251434e-03
1.807296415790915489e-03 5.719986744225025177e-03
1.807087217457592487e-03 5.718986038118600845e-03
1.806886633858084679e-03 5.718011409044265747e-03
1.806671032682061195e-03 5.716979503631591797e-03
1.806441810913383961e-03 5.715943872928619385e-03
1.806218060664832592e-03 5.714911501854658127e-03
1.806002343073487282e-03 5.713907536119222641e-03
1.805781386792659760e-03 5.712877959012985229e-03
1.805563922971487045e-03 5.711870267987251282e-03
1.805350417271256447e-03 5.710874684154987335e-03
1.805141917429864407e-03 5.709880962967872620e-03
1.804927014745771885e-03 5.708865821361541748e-03
1.804701983928680420e-03 5.707828328013420105e-03
1.804467639885842800e-03 5.706798285245895386e-03
1.804249244742095470e-03 5.705854855477809906e-03
1.804058207198977470e-03 5.704909563064575195e-03
1.803852384909987450e-03 5.703879520297050476e-03
1.803613151423633099e-03 5.702806636691093445e-03
1.803383696824312210e-03 5.701826885342597961e-03
1.803173334337770939e-03 5.700834561139345169e-03
1.802950981073081493e-03 5.699834320694208145e-03
1.802744343876838684e-03 5.698890890926122665e-03
1.802549115382134914e-03 5.697935353964567184e-03
1.802336308173835278e-03 5.696879234164953232e-03
1.802097191102802753e-03 5.695858970284461975e-03
1.801868551410734653e-03 5.694839637726545334e-03
1.801656209863722324e-03 5.693905986845493317e-03
1.801461447030305862e-03 5.692958831787109375e-03
1.801260281354188919e-03 5.691975355148315430e-03
1.801032805815339088e-03 5.690935067832469940e-03
1.800795551389455795e-03 5.689957644790410995e-03
1.800599507987499237e-03 5.689004436135292053e-03
1.800381345674395561e-03 5.688023287802934647e-03
1.800177851691842079e-03 5.687051918357610703e-03
1.799951074644923210e-03 5.686024669557809830e-03
1.799735240638256073e-03 5.685104522854089737e-03
1.799534424208104610e-03 5.684140603989362717e-03
1.799323130398988724e-03 5.683164112269878387e-03
1.799105899408459663e-03 5.682161543518304825e-03
1.798886805772781372e-03 5.681182257831096649e-03
1.798668992705643177e-03 5.680211819708347321e-03
1.798450830392539501e-03 5.679266527295112610e-03
1.798249897547066212e-03 5.678304005414247513e-03
1.798045122995972633e-03 5.677343811839818954e-03
1.797825680114328861e-03 5.676387809216976166e-03
1.797616831026971340e-03 5.675407592207193375e-03
1.797398086637258530e-03 5.674444139003753662e-03
1.797187025658786297e-03 5.673478357493877411e-03
1.796975499019026756e-03 5.672514904290437698e-03
1.796770142391324043e-03 5.671577062457799911e-03
1.796553609892725945e-03 5.670604296028614044e-03
1.796331955119967461e-03 5.669634323567152023e-03
1.796124153770506382e-03 5.668679717928171158e-03
1.795930787920951843e-03 5.667789839208126068e-03
1.795716118067502975e-03 5.666783079504966736e-03
1.795503776520490646e-03 5.665856413543224335e-03
1.795285963453352451e-03 5.664880387485027313e-03
1.795071759261190891e-03 5.663910415023565292e-03
1.794851617887616158e-03 5.662979558110237122e-03
1.794650685042142868e-03 5.662076640874147415e-03
1.794452546164393425e-03 5.661154165863990784e-03
1.794244511984288692e-03 5.660157185047864914e-03
1.794021576642990112e-03 5.659221205860376358e-03
1.793810515664517879e-03 5.658270325511693954e-03
1.793603179976344109e-03 5.657349713146686554e-03
1.793399802409112453e-03 5.656429566442966461e-03
1.793190604075789452e-03 5.655445158481597900e-03
1.792974770069122314e-03 5.654530134052038193e-03
1.792770111933350563e-03 5.653589963912963867e-03
1.792566501535475254e-03 5.652666091918945312e-03
1.792350667528808117e-03 5.651729181408882141e-03
1.792141236364841461e-03 5.650821607559919357e-03
1.791942864656448364e-03 5.649846047163009644e-03
1.791723072528839111e-03 5.648946389555931091e-03
1.791513524949550629e-03 5.647988524287939072e-03
1.791305141523480415e-03 5.647063720971345901e-03
1.791101181879639626e-03 5.646154750138521194e-03
1.790893031284213066e-03 5.645230878144502640e-03
1.790685579180717468e-03 5.644311197102069855e-03
1.790478127077221870e-03 5.643351469188928604e-03
1.790267881006002426e-03 5.642443429678678513e-03
1.790052046999335289e-03 5.641499068588018417e-03
1.789842383004724979e-03 5.640621762722730637e-03
1.789636211469769478e-03 5.639709532260894775e-03
1.789442496374249458e-03 5.638808477669954300e-03
1.789243426173925400e-03 5.637885536998510361e-03
1.789040747098624706e-03 5.636964924633502960e-03
1.788827008567750454e-03 5.636020097881555557e-03
1.788603491149842739e-03 5.635095760226249695e-03
1.788397319614887238e-03 5.634225904941558838e-03
1.788202207535505295e-03 5.633301567286252975e-03
1.787998480722308159e-03 5.632383283227682114e-03
1.787789049558341503e-03 5.631475709378719330e-03
1.787574496120214462e-03 5.630545783787965775e-03
1.787359942682087421e-03 5.629643797874450684e-03
1.787163782864809036e-03 5.628786049783229828e-03
1.786979846656322479e-03 5.627904552966356277e-03
1.786778215318918228e-03 5.626976955682039261e-03
1.786556560546159744e-03 5.626020021736621857e-03
1.786337234079837799e-03 5.625095684081315994e-03
1.786123262718319893e-03 5.624214652925729752e-03
1.785922562703490257e-03 5.623350385576486588e-03
1.785733737051486969e-03 5.622475873678922653e-03
1.785540254786610603e-03 5.621569231152534485e-03
1.785337110050022602e-03 5.620664916932582855e-03
1.785124768503010273e-03 5.619735922664403915e-03
1.784922555088996887e-03 5.618841387331485748e-03
1.784708583727478981e-03 5.617932416498661041e-03
1.784493215382099152e-03 5.617076531052589417e-03
1.784294494427740574e-03 5.616181995719671249e-03
1.784103689715266228e-03 5.615316797047853470e-03
1.783900312148034573e-03 5.614397581666707993e-03
1.783689833246171474e-03 5.613496061414480209e-03
1.783468527719378471e-03 5.612592212855815887e-03
1.783276908099651337e-03 5.611761938780546188e-03
1.783095300197601318e-03 5.610903725028038025e-03
1.782885286957025528e-03 5.609964020550251007e-03
1.782672828994691372e-03 5.609055515378713608e-03
1.782460371032357216e-03 5.608175881206989288e-03
1.782258390448987484e-03 5.607316736131906509e-03
1.782059436663985252e-03 5.606424994766712189e-03
1.781855360604822636e-03 5.605536978691816330e-03
1.781651633791625500e-03 5.604689475148916245e-03
1.781464554369449615e-03 5.603797268122434616e-03
1.781251165084540844e-03 5.602904129773378372e-03
1.781043596565723419e-03 5.602025892585515976e-03
1.780841499567031860e-03 5.601162090897560120e-03
1.780648948624730110e-03 5.600314587354660034e-03
1.780445454642176628e-03 5.599389318376779556e-03
1.780246384441852570e-03 5.598566960543394089e-03
1.780046964995563030e-03 5.597670562565326691e-03
1.779837999492883682e-03 5.596780218183994293e-03
1.779628917574882507e-03 5.595931317657232285e-03
1.779440091922879219e-03 5.595057737082242966e-03
1.779237762093544006e-03 5.594212096184492111e-03
1.779048936441540718e-03 5.593324080109596252e-03
1.778822625055909157e-03 5.592400208115577698e-03
1.778622390702366829e-03 5.591602064669132233e-03
1.778438920155167580e-03 5.590737331658601761e-03
1.778229488991200924e-03 5.589853040874004364e-03
1.778025412932038307e-03 5.589007865637540817e-03
1.777837285771965981e-03 5.588133353739976883e-03
1.777628087438642979e-03 5.587248131632804871e-03
1.777430996298789978e-03 5.586419720202684402e-03
1.777234021574258804e-03 5.585569888353347778e-03
1.777039375156164169e-03 5.584700033068656921e-03
1.776828197762370110e-03 5.583837628364562988e-03
1.776628312654793262e-03 5.582987330853939056e-03
1.776430639438331127e-03 5.582123994827270508e-03
1.776233781129121780e-03 5.581294186413288116e-03
1.776032615453004837e-03 5.580405239015817642e-03
1.775835873559117317e-03 5.579565651714801788e-03
1.775646465830504894e-03 5.578710231930017471e-03
1.775422948412597179e-03 5.577825009822845459e-03
1.775226322934031487e-03 5.576994270086288452e-03
1.775027136318385601e-03 5.576147232204675674e-03
1.774840638972818851e-03 5.575318355113267899e-03
1.774641219526529312e-03 5.574455019086599350e-03
1.774440053850412369e-03 5.573610775172710419e-03
1.774248550646007061e-03 5.572744645178318024e-03
1.774036558344960213e-03 5.571881774812936783e-03
1.773825846612453461e-03 5.571046378463506699e-03
1.773641444742679596e-03 5.570204462856054306e-03
1.773453201167285442e-03 5.569411907345056534e-03
1.773247611708939075e-03 5.568541586399078369e-03
1.773049007169902325e-03 5.567700602114200592e-03
1.772854477167129517e-03 5.566854029893875122e-03
1.772654009982943535e-03 5.566002335399389267e-03
1.772455871105194092e-03 5.565178580582141876e-03
1.772264833562076092e-03 5.564341321587562561e-03
1.772059709765017033e-03 5.563478916883468628e-03
1.771865412592887878e-03 5.562646780163049698e-03
1.771664363332092762e-03 5.561822094023227692e-03
1.771473092958331108e-03 5.560987163335084915e-03
1.771272160112857819e-03 5.560115445405244827e-03
1.771060749888420105e-03 5.559295881539583206e-03
1.770875067450106144e-03 5.558490753173828125e-03
1.770683564245700836e-03 5.557651631534099579e-03
1.770497416146099567e-03 5.556823685765266418e-03
1.770282164216041565e-03 5.555955227464437485e-03
1.770078553818166256e-03 5.555147305130958557e-03
1.769886468537151814e-03 5.554336588829755783e-03
1.769700320437550545e-03 5.553528666496276855e-03
1.769518479704856873e-03 5.552689544856548309e-03
1.769304508343338966e-03 5.551839713007211685e-03
1.769104972481727600e-03 5.550999660044908524e-03
1.768905087374150753e-03 5.550188478082418442e-03
1.768712187185883522e-03 5.549360532313585281e-03
1.768522663041949272e-03 5.548553541302680969e-03
1.768333604559302330e-03 5.547735374420881271e-03
1.768135698512196541e-03 5.546923261135816574e-03
1.767936628311872482e-03 5.546078551560640335e-03
1.767744543030858040e-03 5.545271094888448715e-03
1.767552574165165424e-03 5.544433835893869400e-03
1.767348498106002808e-03 5.543596111238002777e-03
1.767146401107311249e-03 5.542778875678777695e-03
1.766953850165009499e-03 5.541971884667873383e-03
1.766754547134041786e-03 5.541175603866577148e-03
1.766575267538428307e-03 5.540370009839534760e-03
1.766374451108276844e-03 5.539536476135253906e-03
1.766177825629711151e-03 5.538704805076122284e-03
1.765988185070455074e-03 5.537917837500572205e-03
1.765795052051544189e-03 5.537098739296197891e-03
1.765586901456117630e-03 5.536250304430723190e-03
1.765403430908918381e-03 5.535467527806758881e-03
1.765219727531075478e-03 5.534663796424865723e-03
1.765022752806544304e-03 5.533870775252580643e-03
1.764826476573944092e-03 5.533023737370967865e-03
1.764612272381782532e-03 5.532175768166780472e-03
1.764419488608837128e-03 5.531423259526491165e-03
1.764249522238969803e-03 5.530630238354206085e-03
1.764053013175725937e-03 5.529815796762704849e-03
1.763860112987458706e-03 5.529014859348535538e-03
1.763659296557307243e-03 5.528185050934553146e-03
1.763470238074660301e-03 5.527385510504245758e-03
1.763274311088025570e-03 5.526578985154628754e-03
1.763075706548988819e-03 5.525769665837287903e-03
1.762886415235698223e-03 5.524965934455394745e-03
1.762680942192673683e-03 5.524149164557456970e-03
1.762486528605222702e-03 5.523388274013996124e-03
1.762330764904618263e-03 5.522650666534900665e-03
1.762135303579270840e-03 5.521751008927822113e-03
1.761918654665350914e-03 5.520942155271768570e-03
1.761708408594131470e-03 5.520147271454334259e-03
1.761526917107403278e-03 5.519358441233634949e-03
1.761336461640894413e-03 5.518565885722637177e-03
1.761151710525155067e-03 5.517794750630855560e-03
1.760978135280311108e-03 5.517020821571350098e-03
1.760785933583974838e-03 5.516192875802516937e-03
1.760572777129709721e-03 5.515368189662694931e-03
1.760386163368821144e-03 5.514640826731920242e-03
1.760196406394243240e-03 5.513818934559822083e-03
1.760007115080952644e-03 5.513034760951995850e-03
1.759812934324145317e-03 5.512239411473274231e-03
1.759611302986741066e-03 5.511392373591661453e-03
1.759406412020325661e-03 5.510631948709487915e-03
1.759238075464963913e-03 5.509878508746623993e-03
1.759048900566995144e-03 5.509062670171260834e-03
1.758852275088429451e-03 5.508250556886196136e-03
1.758654834702610970e-03 5.507498048245906830e-03
1.758464844897389412e-03 5.506691988557577133e-03
1.758277881890535355e-03 5.505915265530347824e-03
1.758100930601358414e-03 5.505138542503118515e-03
1.757904421538114548e-03 5.504366941750049591e-03
1.757714897394180298e-03 5.503556225448846817e-03
1.757510704919695854e-03 5.502730607986450195e-03
1.757312449626624584e-03 5.501992534846067429e-03
1.757143298164010048e-03 5.501247011125087738e-03
1.756960176862776279e-03 5.500436294823884964e-03
1.756764249876141548e-03 5.499633494764566422e-03
1.756561337970197201e-03 5.498856306076049805e-03
1.756370416842401028e-03 5.498064681887626648e-03
1.756170764565467834e-03 5.497273989021778107e-03
1.755984034389257431e-03 5.496536847203969955e-03
1.755801495164632797e-03 5.495798774063587189e-03
1.755634322762489319e-03 5.495037883520126343e-03
1.755445497110486031e-03 5.494210403412580490e-03
1.755227800458669662e-03 5.493397824466228485e-03
1.755031291395425797e-03 5.492631345987319946e-03
1.754843397065997124e-03 5.491866730153560638e-03
1.754671917296946049e-03 5.491142161190509796e-03
1.754491357132792473e-03 5.490349140018224716e-03
1.754300203174352646e-03 5.489576607942581177e-03
1.754101016558706760e-03 5.488765891641378403e-03
1.753892516717314720e-03 5.487951915711164474e-03
1.753709279000759125e-03 5.487259943038225174e-03
1.753545249812304974e-03 5.486510228365659714e-03
1.753352698870003223e-03 5.485676229000091553e-03
1.753152115270495415e-03 5.484936293214559555e-03
1.752973534166812897e-03 5.484181456267833710e-03
1.752787735313177109e-03 5.483393091708421707e-03
1.752582844346761703e-03 5.482608452439308167e-03
1.752387965098023415e-03 5.481814499944448471e-03
1.752196578308939934e-03 5.481091793626546860e-03
1.752032665535807610e-03 5.480362102389335632e-03
1.751861069351434708e-03 5.479597486555576324e-03
1.751669798977673054e-03 5.478815175592899323e-03
1.751453499309718609e-03 5.478006787598133087e-03
1.751252217218279839e-03 5.477236118167638779e-03
1.751078758388757706e-03 5.476538091897964478e-03
1.750904950313270092e-03 5.475788377225399017e-03
1.750719733536243439e-03 5.475000943988561630e-03
1.750529860146343708e-03 5.474223289638757706e-03
1.750333700329065323e-03 5.473471712321043015e-03
1.750147668644785881e-03 5.472677759826183319e-03
1.749955583363771439e-03 5.471949465572834015e-03
1.749771297909319401e-03 5.471197422593832016e-03
1.749590272083878517e-03 5.470456555485725403e-03
1.749399933032691479e-03 5.469670519232749939e-03
1.749212853610515594e-03 5.468912422657012939e-03
1.749027986079454422e-03 5.468167830258607864e-03
1.748836599290370941e-03 5.467393435537815094e-03
1.748648704960942268e-03 5.466631148010492325e-03
1.748460344970226288e-03 5.465879570692777634e-03
1.748262555338442326e-03 5.465106107294559479e-03
1.748083392158150673e-03 5.464386194944381714e-03
1.747918198816478252e-03 5.463687703013420105e-03
1.747735077515244484e-03 5.462889093905687332e-03
1.747537637129426003e-03 5.462111439555883408e-03
1.747332396917045116e-03 5.461337044835090637e-03
1.747160451486706734e-03 5.460666492581367493e-03
1.746988855302333832e-03 5.459885112941265106e-03
1.746800262480974197e-03 5.459138657897710800e-03
1.746600726619362831e-03 5.458339117467403412e-03
1.746408874168992043e-03 5.457620136439800262e-03
1.746226102113723755e-03 5.456870421767234802e-03
1.746044261381030083e-03 5.456143058836460114e-03
1.745864050462841988e-03 5.455390550196170807e-03
1.745679299347102642e-03 5.454605445265769958e-03
1.745485933497548103e-03 5.453867837786674500e-03
1.745305722579360008e-03 5.453154444694519043e-03
1.745124813169240952e-03 5.452389363199472427e-03
1.744932727888226509e-03 5.451670382171869278e-03
1.744752167724072933e-03 5.450884345918893814e-03
1.744561363011598587e-03 5.450176540762186050e-03
1.744373934343457222e-03 5.449425429105758667e-03
1.744194305501878262e-03 5.448662210255861282e-03
1.744001870974898338e-03 5.447933450341224670e-03
1.743821427226066589e-03 5.447189789265394211e-03
1.743650995194911957e-03 5.446487106382846832e-03
1.743468921631574631e-03 5.445729941129684448e-03
1.743264961987733841e-03 5.444973707199096680e-03
1.743077882565557957e-03 5.444220732897520065e-03
1.742902444675564766e-03 5.443505011498928070e-03
1.742723863571882248e-03 5.442767869681119919e-03
1.742537599056959152e-03 5.442019551992416382e-03
1.742341788485646248e-03 5.441274493932723999e-03
1.742159947752952576e-03 5.440522450953722000e-03
1.741970190778374672e-03 5.439797416329383850e-03
1.741798827424645424e-03 5.439091008156538010e-03
1.741615938954055309e-03 5.438363179564476013e-03
1.741440268233418465e-03 5.437606479972600937e-03
1.741243992000818253e-03 5.436850246042013168e-03
1.741053652949631214e-03 5.436120089143514633e-03
1.740876119583845139e-03 5.435402039438486099e-03
1.740698702633380890e-03 5.434676073491573334e-03
1.740513718686997890e-03 5.433934740722179413e-03
1.740322797559201717e-03 5.433207377791404724e-03
1.740142935886979103e-03 5.432486068457365036e-03
1.739967614412307739e-03 5.431756377220153809e-03
1.739788334816694260e-03 5.431029014289379120e-03
1.739599625580012798e-03 5.430271849036216736e-03
1.739400206133723259e-03 5.429538898169994354e-03
1.739230589009821415e-03 5.428849719464778900e-03
1.739063067361712456e-03 5.428121425211429596e-03
1.738866209052503109e-03 5.427380092442035675e-03
1.738665043376386166e-03 5.426626652479171753e-03
1.738489721901714802e-03 5.425945855677127838e-03
1.738323131576180458e-03 5.425225943326950073e-03
1.738141290843486786e-03 5.424472037702798843e-03
1.737952232360839844e-03 5.423747003078460693e-03
1.737771090120077133e-03 5.423037335276603699e-03
1.737597398459911346e-03 5.422316491603851318e-03
1.737403217703104019e-03 5.421546287834644318e-03
1.737208338454365730e-03 5.420858040452003479e-03
1.737044891342520714e-03 5.420159548521041870e-03
1.736867940053343773e-03 5.419428925961256027e-03
1.736677601002156734e-03 5.418686196208000183e-03
1.736496109515428543e-03 5.417987704277038574e-03
1.736316829919815063e-03 5.417260807007551193e-03
1.736137317493557930e-03 5.416545085608959198e-03
1.735950936563313007e-03 5.415805149823427200e-03
1.735762692987918854e-03 5.415066611021757126e-03
1.735580968670547009e-03 5.414407700300216675e-03
1.735428464598953724e-03 5.413704551756381989e-03
1.735229976475238800e-03 5.412927363067865372e-03
1.735032885335385799e-03 5.412186030298471451e-03
1.734858262352645397e-03 5.411513615399599075e-03
1.734684570692479610e-03 5.410797428339719772e-03
1.734495162963867188e-03 5.410057958215475082e-03
1.734309829771518707e-03 5.409357137978076935e-03
1.734136953018605709e-03 5.408669821918010712e-03
1.733966637402772903e-03 5.407950375229120255e-03
1.733782701194286346e-03 5.407231859862804413e-03
1.733599463477730751e-03 5.406469106674194336e-03
1.733404002152383327e-03 5.405727308243513107e-03
1.733222045004367828e-03 5.405077710747718811e-03
1.733064767904579639e-03 5.404396448284387589e-03
1.732900505885481834e-03 5.403689574450254440e-03
1.732714008539915085e-03 5.402941722422838211e-03
1.732513890601694584e-03 5.402183625847101212e-03
1.732320059090852737e-03 5.401499103754758835e-03
1.732151606120169163e-03 5.400812253355979919e-03
1.731973257847130299e-03 5.400095134973526001e-03
1.731793745420873165e-03 5.399395711719989777e-03
1.731612253934144974e-03 5.398700479418039322e-03
1.731437863782048225e-03 5.397964268922805786e-03
1.731259166263043880e-03 5.397269967943429947e-03
1.731076627038419247e-03 5.396564956754446030e-03
1.730894437059760094e-03 5.395855754613876343e-03
1.730705378577113152e-03 5.395156797021627426e-03
1.730537973344326019e-03 5.394460167735815048e-03
1.730363583192229271e-03 5.393758881837129593e-03
1.730187796056270599e-03 5.393024533987045288e-03
1.729994197376072407e-03 5.392309743911027908e-03
1.729817828163504601e-03 5.391606595367193222e-03
1.729633542709052563e-03 5.390905775129795074e-03
1.729465555399656296e-03 5.390221718698740005e-03
1.729288138449192047e-03 5.389530211687088013e-03
1.729108742438256741e-03 5.388814955949783325e-03
1.728919451124966145e-03 5.388064309954643250e-03
1.728736096993088722e-03 5.387388169765472412e-03
1.728567993268370628e-03 5.386713426560163498e-03
1.728399773128330708e-03 5.386027507483959198e-03
1.728215720504522324e-03 5.385294090956449509e-03
1.728023868054151535e-03 5.384591873735189438e-03
1.727839466184377670e-03 5.383887328207492828e-03
1.727670314721763134e-03 5.383229814469814301e-03
1.727494178339838982e-03 5.382501054555177689e-03
1.727323513478040695e-03 5.381825845688581467e-03
1.727140857838094234e-03 5.381104536354541779e-03
1.726957038044929504e-03 5.380424205213785172e-03
1.726778456941246986e-03 5.379704292863607407e-03
1.726598944514989853e-03 5.379021633416414261e-03
1.726426999084651470e-03 5.378329195082187653e-03
1.726254355162382126e-03 5.377630703151226044e-03
1.726076123304665089e-03 5.376965738832950592e-03
1.725912909023463726e-03 5.376298911869525909e-03
1.725737005472183228e-03 5.375557113438844681e-03
1.725539448671042919e-03 5.374806933104991913e-03
1.725348294712603092e-03 5.374136380851268768e-03
1.725163892842829227e-03 5.373437888920307159e-03
1.725003472529351711e-03 5.372806917876005173e-03
1.724841305986046791e-03 5.372116807848215103e-03
1.724668545648455620e-03 5.371404346078634262e-03
1.724484493024647236e-03 5.370695143938064575e-03
1.724295550957322121e-03 5.369999445974826813e-03
1.724113244563341141e-03 5.369293503463268280e-03
1.723931403830647469e-03 5.368624348193407059e-03
1.723766559734940529e-03 5.367952398955821991e-03
1.723601366393268108e-03 5.367261823266744614e-03
1.723421388305723667e-03 5.366553086787462234e-03
1.723235123790800571e-03 5.365842487663030624e-03
1.723045599646866322e-03 5.365164019167423248e-03
1.722869346849620342e-03 5.364482756704092026e-03
1.722718821838498116e-03 5.363851319998502731e-03
1.722553744912147522e-03 5.363167263567447662e-03
1.722368295304477215e-03 5.362399388104677200e-03
1.722164335660636425e-03 5.361723247915506363e-03
1.721989247016608715e-03 5.361094139516353607e-03
1.721829758025705814e-03 5.360379815101623535e-03
1.721654669381678104e-03 5.359717179089784622e-03
1.721478765830397606e-03 5.359001457691192627e-03
1.721304841339588165e-03 5.358317401260137558e-03
1.721119042485952377e-03 5.357631016522645950e-03
1.720943488180637360e-03 5.356953013688325882e-03
1.720768632367253304e-03 5.356265231966972351e-03
1.720590051263570786e-03 5.355580244213342667e-03
1.720416825264692307e-03 5.354936234652996063e-03
1.720251631923019886e-03 5.354241933673620224e-03
1.720074797049164772e-03 5.353533662855625153e-03
1.719884341582655907e-03 5.352873820811510086e-03
1.719718449749052525e-03 5.352205596864223480e-03
1.719544059596955776e-03 5.351528059691190720e-03
1.719373278319835663e-03 5.350800696760416031e-03
1.719196909107267857e-03 5.350159015506505966e-03
1.719018910080194473e-03 5.349466577172279358e-03
1.718843006528913975e-03 5.348786246031522751e-03
1.718661282211542130e-03 5.348073318600654602e-03
1.718480954878032207e-03 5.347410216927528381e-03
1.718312036246061325e-03 5.346788559108972549e-03
1.718165352940559387e-03 5.346111487597227097e-03
1.717973034828901291e-03 5.345396231859922409e-03
1.717785373330116272e-03 5.344691220670938492e-03
1.717607025057077408e-03 5.344030447304248810e-03
1.717446604743599892e-03 5.343393888324499130e-03
1.717275939881801605e-03 5.342729389667510986e-03
1.717104110866785049e-03 5.342038348317146301e-03
1.716924598440527916e-03 5.341351497918367386e-03
1.716743572615087032e-03 5.340650677680969238e-03
1.716563361696898937e-03 5.339986179023981094e-03
1.716397237032651901e-03 5.339355207979679108e-03
1.716224360279738903e-03 5.338645540177822113e-03
1.716049038805067539e-03 5.337988492101430893e-03
1.715875463560223579e-03 5.337288137525320053e-03
1.715697348117828369e-03 5.336618050932884216e-03
1.715516904368996620e-03 5.335971713066101074e-03
1.715359976515173912e-03 5.335336551070213318e-03
1.715204212814569473e-03 5.334671586751937866e-03
1.715019927360117435e-03 5.333965644240379333e-03
1.714830985292792320e-03 5.333263427019119263e-03
1.714650541543960571e-03 5.332594737410545349e-03
1.714477082714438438e-03 5.331933498382568359e-03
1.714311190880835056e-03 5.331269931048154831e-03
1.714135520160198212e-03 5.330613814294338226e-03
1.713968347758054733e-03 5.329945590347051620e-03
1.713793491944670677e-03 5.329275969415903091e-03
1.713625388219952583e-03 5.328635219484567642e-03
1.713450183160603046e-03 5.327921826392412186e-03
1.713269622996449471e-03 5.327283404767513275e-03
1.713100238703191280e-03 5.326607730239629745e-03
1.712923636659979820e-03 5.325928796082735062e-03
1.712763099931180477e-03 5.325270351022481918e-03
1.712586265057325363e-03 5.324594676494598389e-03
1.712398836389183998e-03 5.323885474354028702e-03
1.712221768684685230e-03 5.323254968971014023e-03
1.712067285552620888e-03 5.322639364749193192e-03
1.711910008452832699e-03 5.321972537785768509e-03
1.711718156002461910e-03 5.321272183209657669e-03
1.711530145257711411e-03 5.320603493601083755e-03
1.711362740024924278e-03 5.319939460605382919e-03
1.711206277832388878e-03 5.319348070770502090e-03
1.711042830720543861e-03 5.318659357726573944e-03
1.710865879431366920e-03 5.317963659763336182e-03
1.710692304186522961e-03 5.317311268299818039e-03
1.710506738163530827e-03 5.316608119755983353e-03
1.710318261757493019e-03 5.315991118550300598e-03
1.710169948637485504e-03 5.315373186022043228e-03
1.710004289634525776e-03 5.314670037478208542e-03
1.709829317405819893e-03 5.314020439982414246e-03
1.709651201963424683e-03 5.313347559422254562e-03
1.709483563899993896e-03 5.312701221555471420e-03
1.709311734884977341e-03 5.312036722898483276e-03
1.709141768515110016e-03 5.311385728418827057e-03
1.708967378363013268e-03 5.310726352035999298e-03
1.708796364255249500e-03 5.310044623911380768e-03
1.708619762212038040e-03 5.309391766786575317e-03
1.708452240563929081e-03 5.308744963258504868e-03
1.708281226456165314e-03 5.308093037456274033e-03
1.708108931779861450e-03 5.307437852025032043e-03
1.707940478809177876e-03 5.306786857545375824e-03
1.707771676592528820e-03 5.306137260049581528e-03
1.707608113065361977e-03 5.305465310811996460e-03
1.707429764792323112e-03 5.304819438606500626e-03
1.707260613329708576e-03 5.304157268255949020e-03
1.707088435068726540e-03 5.303503479808568954e-03
1.706914277747273445e-03 5.302835721522569656e-03
1.706742332316935062e-03 5.302214063704013824e-03
1.706579700112342834e-03 5.301557481288909912e-03
1.706413226202130318e-03 5.300910212099552155e-03
1.706237671896815300e-03 5.300204269587993622e-03
1.706050476059317589e-03 5.299543030560016632e-03
1.705874106846749783e-03 5.298925098031759262e-03
1.705720322206616402e-03 5.298308096826076508e-03
1.705567585304379463e-03 5.297675263136625290e-03
1.705389702692627907e-03 5.296962335705757141e-03
1.705206232145428658e-03 5.296331830322742462e-03
1.705040223896503448e-03 5.295643117278814316e-03
1.704866765066981316e-03 5.295027978718280792e-03
1.704698428511619568e-03 5.294384434819221497e-03
1.704526017419993877e-03 5.293739493936300278e-03
1.704364549368619919e-03 5.293067544698715210e-03
1.704174559563398361e-03 5.292410030961036682e-03
1.704020542092621326e-03 5.291831213980913162e-03
1.703869202174246311e-03 5.291166249662637711e-03
1.703690737485885620e-03 5.290488246828317642e-03
1.703512622043490410e-03 5.289815366268157959e-03
1.703328802250325680e-03 5.289185792207717896e-03
1.703165937215089798e-03 5.288539920002222061e-03
1.703002490103244781e-03 5.287921987473964691e-03
1.702838810160756111e-03 5.287278443574905396e-03
1.702671288512647152e-03 5.286631640046834946e-03
1.702510751783847809e-03 5.285975523293018341e-03
1.702332054264843464e-03 5.285302642732858658e-03
1.702143112197518349e-03 5.284619517624378204e-03
1.701971632428467274e-03 5.284027196466922760e-03
1.701826462522149086e-03 5.283422768115997314e-03
1.701672794297337532e-03 5.282768979668617249e-03
1.701487693935632706e-03 5.282077472656965256e-03
1.701308414340019226e-03 5.281433463096618652e-03
1.701139844954013824e-03 5.280799698084592819e-03
1.700970460660755634e-03 5.280163139104843140e-03
1.700811088085174561e-03 5.279544740915298462e-03
1.700639957562088966e-03 5.278882570564746857e-03
1.700476743280887604e-03 5.278251133859157562e-03
1.700302236713469028e-03 5.277603864669799805e-03
1.700139720924198627e-03 5.276961252093315125e-03
1.699973247013986111e-03 5.276326555758714676e-03
1.699801767244935036e-03 5.275670439004898071e-03
1.699625514447689056e-03 5.275011993944644928e-03
1.699450542218983173e-03 5.274388473480939865e-03
1.699291868135333061e-03 5.273761693388223648e-03
1.699122949503362179e-03 5.273117218166589737e-03
1.698960084468126297e-03 5.272493697702884674e-03
1.698793959803879261e-03 5.271839909255504608e-03
1.698622712865471840e-03 5.271197296679019928e-03
1.698451815173029900e-03 5.270535126328468323e-03
1.698272069916129112e-03 5.269913934171199799e-03
1.698111649602651596e-03 5.269301589578390121e-03
1.697953324764966965e-03 5.268657580018043518e-03
1.697784173302352428e-03 5.268020089715719223e-03
1.697617582976818085e-03 5.267390981316566467e-03
1.697450759820640087e-03 5.266754422336816788e-03
1.697283936664462090e-03 5.266107618808746338e-03
1.697115600109100342e-03 5.265453830361366272e-03
1.696951920166611671e-03 5.264845211058855057e-03
1.696788240224123001e-03 5.264208652079105377e-03
1.696603256277740002e-03 5.263527855277061462e-03
1.696430379524827003e-03 5.262920632958412170e-03
1.696279156021773815e-03 5.262333434075117111e-03
1.696123043075203896e-03 5.261673592031002045e-03
1.695950049906969070e-03 5.261043552309274673e-03
1.695770770311355591e-03 5.260388366878032684e-03
1.695594284683465958e-03 5.259743425995111465e-03
1.695429906249046326e-03 5.259132944047451019e-03
1.695279497653245926e-03 5.258543882519006729e-03
1.695123501121997833e-03 5.257899872958660126e-03
1.694943523034453392e-03 5.257215816527605057e-03
1.694766688160598278e-03 5.256591364741325378e-03
1.694599632173776627e-03 5.255972966551780701e-03
1.694432925432920456e-03 5.255339201539754868e-03
1.694267150014638901e-03 5.254723131656646729e-03
1.694113947451114655e-03 5.254099611192941666e-03
1.693951897323131561e-03 5.253475625067949295e-03
1.693782396614551544e-03 5.252820439636707306e-03
1.693600439466536045e-03 5.252157337963581085e-03
1.693435246124863625e-03 5.251537542790174484e-03
1.693268888629972935e-03 5.250962916761636734e-03
1.693127676844596863e-03 5.250346846878528595e-03
1.692957011982798576e-03 5.249698646366596222e-03
1.692791469395160675e-03 5.249076522886753082e-03
1.692622434347867966e-03 5.248412489891052246e-03
1.692455727607011795e-03 5.247814580798149109e-03
1.692285644821822643e-03 5.247158929705619812e-03
1.692111138254404068e-03 5.246525630354881287e-03
1.691944431513547897e-03 5.245918408036231995e-03
1.691784709692001343e-03 5.245299078524112701e-03
1.691619982011616230e-03 5.244675092399120331e-03
1.691441982984542847e-03 5.244023632258176804e-03
1.691292040050029755e-03 5.243442021310329437e-03
1.691140932962298393e-03 5.242795683443546295e-03
1.690962817519903183e-03 5.242141894996166229e-03
1.690790290012955666e-03 5.241537000983953476e-03
1.690632430836558342e-03 5.240929313004016876e-03
1.690476317889988422e-03 5.240294616669416428e-03
1.690292148850858212e-03 5.239653866738080978e-03
1.690123463049530983e-03 5.239021964371204376e-03
1.689963624812662601e-03 5.238414276391267776e-03
1.689805067144334316e-03 5.237838253378868103e-03
1.689659198746085167e-03 5.237220320850610733e-03
1.689494936726987362e-03 5.236576776951551437e-03
1.689314492978155613e-03 5.235910881310701370e-03
1.689135679043829441e-03 5.235294811427593231e-03
1.688973046839237213e-03 5.234671290963888168e-03
1.688806340098381042e-03 5.234058946371078491e-03
1.688644639216363430e-03 5.233460571616888046e-03
1.688483403995633125e-03 5.232867784798145294e-03
1.688334392383694649e-03 5.232228897511959076e-03
1.688164309598505497e-03 5.231593735516071320e-03
1.687992596998810768e-03 5.230955779552459717e-03
1.687821466475725174e-03 5.230341572314500809e-03
1.687661511823534966e-03 5.229754839092493057e-03
1.687511336058378220e-03 5.229142494499683380e-03
1.687349285930395126e-03 5.228494293987751007e-03
1.687166397459805012e-03 5.227858666330575943e-03
1.686999108642339706e-03 5.227244459092617035e-03
1.686843927018344402e-03 5.226647946983575821e-03
1.686690957285463810e-03 5.226034671068191528e-03
1.686516683548688889e-03 5.225390661507844925e-03
1.686342759057879448e-03 5.224774125963449478e-03
1.686187461018562317e-03 5.224165040999650955e-03
1.686036819592118263e-03 5.223571788519620895e-03
1.685874070972204208e-03 5.222955252975225449e-03
1.685708062723278999e-03 5.222321487963199615e-03
1.685544266365468502e-03 5.221716128289699554e-03
1.685379422269761562e-03 5.221084691584110260e-03
1.685205032117664814e-03 5.220438353717327118e-03
1.685047638602554798e-03 5.219865124672651291e-03
1.684893970377743244e-03 5.219249520450830460e-03
1.684713060967624187e-03 5.218601785600185394e-03
1.684544142335653305e-03 5.218005273491144180e-03
1.684396993368864059e-03 5.217415280640125275e-03
1.684241113252937794e-03 5.216787569224834442e-03
1.684069517068564892e-03 5.216200836002826691e-03
1.683908281847834587e-03 5.215567536652088165e-03
1.683734823018312454e-03 5.214905366301536560e-03
1.683574751950800419e-03 5.214340519160032272e-03
1.683416892774403095e-03 5.213712342083454132e-03
1.683255657553672791e-03 5.213125143200159073e-03
1.683098380453884602e-03 5.212514195591211319e-03
1.682930276729166508e-03 5.211887881159782410e-03
1.682767528109252453e-03 5.211290903389453888e-03
1.682606991380453110e-03 5.210679955780506134e-03
1.682446338236331940e-03 5.210070405155420303e-03
1.682281261309981346e-03 5.209418945014476776e-03
1.682100351899862289e-03 5.208793561905622482e-03
1.681945985183119774e-03 5.208250600844621658e-03
1.681803609244525433e-03 5.207632668316364288e-03
1.681637600995600224e-03 5.207028705626726151e-03
1.681477646343410015e-03 5.206430330872535706e-03
1.681309775449335575e-03 5.205793306231498718e-03
1.681144582107663155e-03 5.205173045396804810e-03
1.680972171016037464e-03 5.204540677368640900e-03
1.680812565609812737e-03 5.203957203775644302e-03
1.680659595876932144e-03 5.203375127166509628e-03
1.680493820458650589e-03 5.202752538025379181e-03
1.680340850725769997e-03 5.202175583690404892e-03
1.680183573625981808e-03 5.201544612646102905e-03
1.680013956502079964e-03 5.200915038585662842e-03
1.679835258983075619e-03 5.200297571718692780e-03
1.679682172834873199e-03 5.199716426432132721e-03
1.679544104263186455e-03 5.199119448661804199e-03
1.679381122812628746e-03 5.198515020310878754e-03
1.679213251918554306e-03 5.197882652282714844e-03
1.679037115536630154e-03 5.197245627641677856e-03
1.678867731243371964e-03 5.196659360080957413e-03
1.678709173575043678e-03 5.196082405745983124e-03
1.678555738180875778e-03 5.195484496653079987e-03
1.678403117693960667e-03 5.194895900785923004e-03
1.678252825513482094e-03 5.194277502596378326e-03
1.678078202530741692e-03 5.193657707422971725e-03
1.677914173342287540e-03 5.193057470023632050e-03
1.677750376984477043e-03 5.192436277866363525e-03
1.677593216300010681e-03 5.191878415644168854e-03
1.677440479397773743e-03 5.191264208406209946e-03
1.677265856415033340e-03 5.190633237361907959e-03
1.677110558375716209e-03 5.190047435462474823e-03
1.676949672400951385e-03 5.189429502934217453e-03
1.676795072853565216e-03 5.188862327486276627e-03
1.676640473306179047e-03 5.188242997974157333e-03
