4.625861346721649170e-01 2.817886769771575928e-01
2.995616197586059570e-01 1.950172185897827148e-01
2.171502411365509033e-01 1.397377401590347290e-01
1.655614078044891357e-01 1.017297059297561646e-01
1.307664811611175537e-01 7.464620471000671387e-02
1.065016165375709534e-01 5.500595644116401672e-02
8.932834863662719727e-02 4.065371677279472351e-02
7.711619138717651367e-02 3.014688007533550262e-02
6.843946874141693115e-02 2.246926538646221161e-02
6.229553371667861938e-02 1.688160933554172516e-02
5.795800313353538513e-02 1.283601764589548111e-02
5.489318817853927612e-02 9.923607110977172852e-03
5.270816758275032043e-02 7.839430123567581177e-03
5.111613124608993530e-02 6.357477046549320221e-03
4.991107061505317688e-02 5.311733111739158630e-03
4.894869774580001831e-02 4.581477958709001541e-03
4.813072085380554199e-02 4.079652484506368637e-03
4.739260673522949219e-02 3.743728389963507652e-03
4.669356346130371094e-02 3.528688335791230202e-03
4.600908607244491577e-02 3.401985624805092812e-03
4.532509669661521912e-02 3.339881775900721550e-03
4.463414475321769714e-02 3.324859309941530228e-03
4.393270611763000488e-02 3.343988908454775810e-03
4.321934282779693604e-02 3.387718927115201950e-03
4.249393194913864136e-02 3.449038602411746979e-03
4.175691679120063782e-02 3.523004241287708282e-03
4.100901633501052856e-02 3.606010926887392998e-03
4.025118052959442139e-02 3.695743158459663391e-03
3.948436677455902100e-02 3.790650749579071999e-03
3.870961070060729980e-02 3.889704821631312370e-03
3.792803734540939331e-02 3.992311190813779831e-03
3.714075684547424316e-02 4.098099656403064728e-03
3.634889423847198486e-02 4.206856712698936462e-03
3.555354475975036621e-02 4.318416118621826172e-03
3.475591912865638733e-02 4.432705696672201157e-03
3.395708650350570679e-02 4.549637436866760254e-03
3.315819799900054932e-02 4.669093526899814606e-03
3.236036747694015503e-02 4.791062790900468826e-03
3.156468272209167480e-02 4.915473982691764832e-03
3.077221661806106567e-02 5.042258184403181076e-03
2.998403646051883698e-02 5.171377211809158325e-03
2.920110151171684265e-02 5.302718840539455414e-03
2.842449769377708435e-02 5.436331499367952347e-03
2.765514329075813293e-02 5.572104826569557190e-03
2.689393609762191772e-02 5.710039287805557251e-03
2.614184655249118805e-02 5.850061308592557907e-03
2.539968304336071014e-02 5.992185324430465698e-03
2.466828748583793640e-02 6.136332638561725616e-03
2.394851669669151306e-02 6.282524205744266510e-03
2.324112132191658020e-02 6.430675741285085678e-03
2.254688180983066559e-02 6.580775603652000427e-03
2.186648175120353699e-02 6.732783745974302292e-03
2.120061591267585754e-02 6.886705290526151657e-03
2.054995857179164886e-02 7.042496930807828903e-03
1.991518586874008179e-02 7.199929561465978622e-03
1.929682306945323944e-02 7.359255570918321609e-03
1.869549229741096497e-02 7.520118728280067444e-03
1.811176724731922150e-02 7.682710886001586914e-03
1.754608936607837677e-02 7.846619002521038055e-03
1.699896529316902161e-02 8.012214675545692444e-03
1.647085323929786682e-02 8.178752847015857697e-03
1.596215181052684784e-02 8.347036316990852356e-03
1.547320373356342316e-02 8.515372872352600098e-03
1.500435173511505127e-02 8.686478249728679657e-03
1.455583982169628143e-02 8.854394778609275818e-03
1.412793062627315521e-02 9.031586349010467529e-03
1.372076943516731262e-02 9.187906049191951752e-03
1.333445124328136444e-02 9.399209171533584595e-03
1.296907849609851837e-02 9.458267129957675934e-03
1.262477599084377289e-02 9.970201179385185242e-03
1.230266690254211426e-02 9.060566313564777374e-03
1.201626937836408615e-02 1.313130278140306473e-02
1.192601397633552551e-02 3.058267757296562195e-03
1.358439214527606964e-02 2.800250984728336334e-02
1.579920016229152679e-02 3.317439695820212364e-03
1.309405732899904251e-02 1.569474115967750549e-02
1.156198792159557343e-02 7.922928780317306519e-03
1.103603094816207886e-02 1.237496733665466309e-02
1.079153455793857574e-02 9.507301263511180878e-03
1.062798500061035156e-02 1.181477773934602737e-02
1.049312576651573181e-02 1.007644459605216980e-02
1.037406269460916519e-02 1.192221883684396744e-02
1.026594080030918121e-02 1.024056784808635712e-02
1.016886159777641296e-02 1.242189016193151474e-02
1.008402090519666672e-02 9.962525218725204468e-03
1.001800317317247391e-02 1.365303527563810349e-02
9.986177086830139160e-03 8.682257495820522308e-03
1.003482658416032791e-02 1.701536960899829865e-02
1.026703789830207825e-02 5.697623826563358307e-03
1.082172244787216187e-02 2.237786911427974701e-02
1.137343887239694595e-02 4.833502229303121567e-03
1.123538240790367126e-02 1.995284669101238251e-02
1.064547710120677948e-02 7.291915360838174820e-03
1.016773376613855362e-02 1.652953028678894043e-02
9.896058589220046997e-03 9.009633213281631470e-03
9.750233963131904602e-03 1.532526873052120209e-02
9.671881794929504395e-03 9.614713490009307861e-03
9.631649591028690338e-03 1.533741690218448639e-02
9.619266726076602936e-03 9.433148428797721863e-03
9.635262191295623779e-03 1.631017588078975677e-02
9.689351543784141541e-03 8.473677560687065125e-03
9.799100458621978760e-03 1.841722056269645691e-02
9.980033151805400848e-03 7.014772854745388031e-03
1.020821183919906616e-02 2.056585438549518585e-02
1.038435380905866623e-02 6.547261960804462433e-03
1.038762833923101425e-02 2.003405801951885223e-02
1.023876853287220001e-02 7.545767817646265030e-03
1.003759540617465973e-02 1.826612278819084167e-02
9.872976690530776978e-03 8.600464090704917908e-03
9.758853353559970856e-03 1.725804805755615234e-02
9.693470783531665802e-03 9.051321074366569519e-03
9.663367643952369690e-03 1.716485247015953064e-02
9.664778597652912140e-03 8.896138519048690796e-03
9.693528525531291962e-03 1.783485151827335358e-02
9.752233512699604034e-03 8.275634609162807465e-03
9.836452081799507141e-03 1.898973807692527771e-02
9.938492439687252045e-03 7.600573822855949402e-03
1.002811547368764877e-02 1.976883597671985626e-02
1.007823180407285690e-02 7.489571347832679749e-03
1.006364263594150543e-02 1.943776197731494904e-02
1.000370830297470093e-02 7.962982170283794403e-03
9.919171221554279327e-03 1.860542781651020050e-02
9.842692874372005463e-03 8.478956297039985657e-03
9.781689383089542389e-03 1.806669495999813080e-02
9.745377115905284882e-03 8.691968396306037903e-03
9.729244746267795563e-03 1.804447732865810394e-02
9.735461324453353882e-03 8.557049557566642761e-03
9.758181869983673096e-03 1.845796220004558563e-02
9.797716513276100159e-03 8.206926286220550537e-03
9.843712672591209412e-03 1.901828311383724213e-02
9.890940971672534943e-03 7.913233712315559387e-03
9.922358207404613495e-03 1.928174868226051331e-02
9.934742935001850128e-03 7.910179905593395233e-03
9.919885545969009399e-03 1.906771585345268250e-02
9.890316054224967957e-03 8.146711625158786774e-03
9.849690832197666168e-03 1.866285502910614014e-02
9.813553653657436371e-03 8.387360721826553345e-03
9.782726876437664032e-03 1.840725541114807129e-02
9.765576571226119995e-03 8.468684740364551544e-03
9.758304804563522339e-03 1.842637918889522552e-02
9.764645248651504517e-03 8.371450938284397125e-03
9.778230451047420502e-03 1.865733414888381958e-02
9.800200350582599640e-03 8.188900537788867950e-03
9.821317158639431000e-03 1.891170628368854523e-02
9.841376915574073792e-03 8.064692839980125427e-03
9.850496426224708557e-03 1.899059116840362549e-02
9.851931594312191010e-03 8.083759807050228119e-03
9.840384125709533691e-03 1.885931566357612610e-02
9.824676439166069031e-03 8.202185854315757751e-03
9.803297929465770721e-03 1.865933649241924286e-02
9.785777889192104340e-03 8.310580626130104065e-03
9.769836440682411194e-03 1.854404620826244354e-02
9.762239642441272736e-03 8.334418758749961853e-03
9.758559986948966980e-03 1.856938004493713379e-02
9.763037785887718201e-03 8.272284641861915588e-03
9.769363328814506531e-03 1.868866011500358582e-02
9.780263528227806091e-03 8.180477656424045563e-03
9.788223542273044586e-03 1.879779435694217682e-02
9.796064347028732300e-03 8.128451183438301086e-03
9.796803817152976990e-03 1.881275139749050140e-02
9.795273654162883759e-03 8.145581930875778198e-03
9.786662645637989044e-03 1.873443275690078735e-02
9.777913801372051239e-03 8.203427307307720184e-03
9.765626862645149231e-03 1.863425225019454956e-02
9.756844490766525269e-03 8.249736391007900238e-03
9.747830219566822052e-03 1.858267001807689667e-02
9.744370356202125549e-03 8.251848630607128143e-03
9.741595014929771423e-03 1.860056631267070770e-02
9.743980132043361664e-03 8.214293047785758972e-03
9.745657444000244141e-03 1.865749619901180267e-02
9.750438854098320007e-03 8.168331347405910492e-03
9.751999750733375549e-03 1.870021596550941467e-02
9.754478000104427338e-03 8.146109059453010559e-03
9.752053767442703247e-03 1.869433186948299408e-02
9.749917313456535339e-03 8.156742900609970093e-03
9.743263944983482361e-03 1.864741928875446320e-02
9.738122113049030304e-03 8.183400146663188934e-03
9.730202145874500275e-03 1.859572157263755798e-02
9.725487791001796722e-03 8.201062679290771484e-03
9.719500318169593811e-03 1.857110112905502319e-02
9.717588312923908234e-03 8.196205832064151764e-03
9.714710526168346405e-03 1.857982575893402100e-02
9.715526364743709564e-03 8.173654787242412567e-03
9.714497253298759460e-03 1.860357448458671570e-02
9.716046974062919617e-03 8.149972185492515564e-03
9.714579209685325623e-03 1.861643791198730469e-02
9.714667685329914093e-03 8.139450103044509888e-03
9.711090475320816040e-03 1.860490627586841583e-02
9.708976373076438904e-03 8.144301362335681915e-03
9.703507646918296814e-03 1.857568323612213135e-02
9.700154885649681091e-03 8.155031129717826843e-03
9.694318287074565887e-03 1.854693517088890076e-02
9.691392071545124054e-03 8.159767836332321167e-03
9.686635807156562805e-03 1.853281445801258087e-02
9.685152210295200348e-03 8.153297938406467438e-03
9.681887924671173096e-03 1.853420957922935486e-02
9.681636467576026917e-03 8.139203302562236786e-03
9.679111652076244354e-03 1.854088157415390015e-02
9.679000824689865112e-03 8.125915192067623138e-03
9.676074609160423279e-03 1.854054071009159088e-02
9.675126522779464722e-03 8.119619451463222504e-03
9.671118110418319702e-03 1.852817274630069733e-02
9.669120423495769501e-03 8.120360784232616425e-03
9.664249606430530548e-03 1.850835047662258148e-02
9.661757387220859528e-03 8.122982457280158997e-03
9.656820446252822876e-03 1.849009282886981964e-02
9.654616937041282654e-03 8.122004568576812744e-03
9.650313295423984528e-03 1.847950927913188934e-02
9.648820385336875916e-03 8.115484379231929779e-03
9.645211510360240936e-03 1.847605779767036438e-02
9.644258767366409302e-03 8.105779066681861877e-03
9.640889242291450500e-03 1.847398467361927032e-02
9.639891795814037323e-03 8.097152225673198700e-03
9.636220522224903107e-03 1.846777833998203278e-02
9.634773246943950653e-03 8.092143572866916656e-03
9.630575776100158691e-03 1.845569536089897156e-02
9.628600440919399261e-03 8.090245537459850311e-03
9.624026715755462646e-03 1.844063773751258850e-02
9.621883742511272430e-03 8.088679984211921692e-03
9.617316536605358124e-03 1.842699386179447174e-02
9.615347720682621002e-03 8.085067383944988251e-03
9.611116722226142883e-03 1.841720379889011383e-02
9.609493426978588104e-03 8.078873157501220703e-03
9.605546481907367706e-03 1.841049082577228546e-02
9.604131802916526794e-03 8.071363903582096100e-03
9.600269608199596405e-03 1.840392500162124634e-02
9.598759934306144714e-03 8.064639754593372345e-03
9.594701230525970459e-03 1.839498244225978851e-02
9.592963382601737976e-03 8.059704676270484924e-03
9.588628076016902924e-03 1.838331110775470734e-02
9.586620144546031952e-03 8.056088350713253021e-03
9.582133963704109192e-03 1.837047934532165527e-02
9.580072946846485138e-03 8.052418939769268036e-03
9.575621224939823151e-03 1.835862174630165100e-02
9.573629125952720642e-03 8.047509007155895233e-03
9.569348767399787903e-03 1.834861002862453461e-02
9.567509405314922333e-03 8.041447028517723083e-03
9.563317522406578064e-03 1.833979412913322449e-02
9.561559185385704041e-03 8.034927770495414734e-03
9.557364508509635925e-03 1.833075471222400665e-02
9.555524215102195740e-03 8.028869517147541046e-03
9.551204741001129150e-03 1.832042634487152100e-02
9.549248032271862030e-03 8.023626171052455902e-03
9.544807486236095428e-03 1.830893941223621368e-02
9.542723186314105988e-03 8.018831722438335419e-03
9.538205340504646301e-03 1.829705387353897095e-02
9.536087512969970703e-03 8.013911545276641846e-03
9.531583636999130249e-03 1.828554272651672363e-02
9.529490955173969269e-03 8.008395321667194366e-03
9.525040164589881897e-03 1.827487163245677948e-02
9.523016400635242462e-03 8.002368733286857605e-03
9.518605656921863556e-03 1.826457679271697998e-02
9.516557678580284119e-03 7.996121421456336975e-03
9.512148797512054443e-03 1.825421862304210663e-02
9.510061703622341156e-03 7.989982143044471741e-03
9.505577385425567627e-03 1.824321970343589783e-02
9.503415785729885101e-03 7.984272204339504242e-03
9.498843923211097717e-03 1.823146827518939972e-02
9.496607817709445953e-03 7.978766225278377533e-03
9.491996839642524719e-03 1.821962185204029083e-02
9.489733725786209106e-03 7.973144762217998505e-03
9.485119953751564026e-03 1.820794306695461273e-02
9.482853114604949951e-03 7.967152632772922516e-03
9.478265419602394104e-03 1.819662004709243774e-02
9.476013481616973877e-03 7.960876449942588806e-03
9.471396915614604950e-03 1.818538084626197815e-02
9.469146840274333954e-03 7.954517379403114319e-03
9.464533999562263489e-03 1.817403361201286316e-02
9.462222456932067871e-03 7.948213256895542145e-03
9.457532316446304321e-03 1.816231943666934967e-02
9.455193765461444855e-03 7.942050695419311523e-03
9.450457990169525146e-03 1.815027184784412384e-02
9.448064491152763367e-03 7.935932837426662445e-03
9.443321265280246735e-03 1.813805289566516876e-02
9.440884925425052643e-03 7.929720915853977203e-03
9.436096064746379852e-03 1.812591776251792908e-02
9.433665312826633453e-03 7.923342287540435791e-03
9.428869932889938354e-03 1.811389811336994171e-02
9.426421485841274261e-03 7.916743867099285126e-03
9.421644732356071472e-03 1.810197904706001282e-02
9.419186972081661224e-03 7.910083979368209839e-03
9.414344094693660736e-03 1.808974333107471466e-02
9.411837905645370483e-03 7.903479970991611481e-03
9.406968019902706146e-03 1.807735301554203033e-02
9.404420852661132812e-03 7.896847091615200043e-03
9.399544447660446167e-03 1.806480437517166138e-02
9.396940469741821289e-03 7.890206761658191681e-03
9.392021223902702332e-03 1.805218122899532318e-02
9.389403276145458221e-03 7.883484475314617157e-03
9.384464472532272339e-03 1.803948171436786652e-02
9.381818585097789764e-03 7.876658812165260315e-03
9.376848116517066956e-03 1.802665926516056061e-02
9.374185465276241302e-03 7.869719527661800385e-03
9.369200095534324646e-03 1.801398582756519318e-02
9.366503916680812836e-03 7.862699218094348907e-03
9.361499920487403870e-03 1.800109259784221649e-02
9.358785115182399750e-03 7.855639792978763580e-03
9.353730827569961548e-03 1.798810623586177826e-02
9.350966662168502808e-03 7.848541252315044403e-03
9.345916099846363068e-03 1.797493547201156616e-02
9.343097917735576630e-03 7.841488346457481384e-03
9.337994270026683807e-03 1.796157658100128174e-02
9.335165843367576599e-03 7.834290154278278351e-03
9.330045431852340698e-03 1.794823817908763885e-02
9.327167645096778870e-03 7.826990447938442230e-03
9.322026744484901428e-03 1.793487370014190674e-02
9.319158270955085754e-03 7.819578051567077637e-03
9.313980117440223694e-03 1.792144961655139923e-02
9.311060421168804169e-03 7.812127005308866501e-03
9.305854327976703644e-03 1.790783926844596863e-02
9.302907623350620270e-03 7.804637309163808823e-03
9.297681041061878204e-03 1.789413951337337494e-02
9.294684976339340210e-03 7.797109428793191910e-03
9.289396926760673523e-03 1.788018830120563507e-02
9.286384098231792450e-03 7.789553143084049225e-03
9.281108155846595764e-03 1.786627434194087982e-02
9.278035722672939301e-03 7.781843189150094986e-03
9.272718802094459534e-03 1.785222440958023071e-02
9.269643574953079224e-03 7.774041965603828430e-03
9.264301508665084839e-03 1.783822663128376007e-02
9.261183440685272217e-03 7.766161113977432251e-03
9.255815297365188599e-03 1.782401092350482941e-02
9.252658113837242126e-03 7.758263032883405685e-03
9.247262030839920044e-03 1.780969090759754181e-02
9.244076907634735107e-03 7.750242948532104492e-03
9.238643571734428406e-03 1.779524795711040497e-02
9.235428646206855774e-03 7.742268964648246765e-03
9.229955263435840607e-03 1.778057403862476349e-02
9.226692840456962585e-03 7.734226062893867493e-03
9.221194311976432800e-03 1.776582561433315277e-02
9.217888116836547852e-03 7.726029958575963974e-03
9.212377481162548065e-03 1.775111444294452667e-02
9.209054522216320038e-03 7.717743515968322754e-03
9.203506633639335632e-03 1.773625239729881287e-02
9.200153872370719910e-03 7.709388621151447296e-03
9.194572456181049347e-03 1.772134751081466675e-02
9.191190823912620544e-03 7.700944319367408752e-03
9.185563772916793823e-03 1.770627498626708984e-02
9.182152338325977325e-03 7.692493963986635208e-03
9.176500141620635986e-03 1.769100129604339600e-02
9.173038415610790253e-03 7.683923002332448959e-03
9.167342446744441986e-03 1.767567358911037445e-02
9.163850918412208557e-03 7.675335742533206940e-03
9.158153086900711060e-03 1.766027137637138367e-02
9.154611267149448395e-03 7.666596677154302597e-03
9.148869663476943970e-03 1.764471828937530518e-02
9.145311079919338226e-03 7.657831534743309021e-03
9.139536879956722260e-03 1.762904413044452667e-02
9.135928004980087280e-03 7.648956496268510818e-03
9.130116552114486694e-03 1.761329919099807739e-02
9.126488119363784790e-03 7.640024181455373764e-03
9.120646864175796509e-03 1.759740337729454041e-02
9.116988629102706909e-03 7.631003390997648239e-03
9.111093357205390930e-03 1.758137159049510956e-02
9.107396006584167480e-03 7.621873170137405396e-03
9.101491421461105347e-03 1.756531558930873871e-02
9.097745642066001892e-03 7.612696848809719086e-03
9.091824293136596680e-03 1.754903048276901245e-02
9.088022634387016296e-03 7.603504694998264313e-03
9.082068689167499542e-03 1.753267459571361542e-02
9.078241884708404541e-03 7.594152353703975677e-03
9.072247892618179321e-03 1.751619763672351837e-02
9.068386629223823547e-03 7.584732957184314728e-03
9.062342345714569092e-03 1.749962009489536285e-02
9.058451279997825623e-03 7.575257215648889542e-03
9.052384644746780396e-03 1.748287677764892578e-02
9.048457257449626923e-03 7.565693929791450500e-03
9.042353369295597076e-03 1.746601611375808716e-02
9.038384072482585907e-03 7.556023076176643372e-03
9.032247588038444519e-03 1.744905114173889160e-02
9.028217755258083344e-03 7.546295877546072006e-03
9.022075682878494263e-03 1.743200235068798065e-02
9.018016047775745392e-03 7.536440622061491013e-03
9.011834859848022461e-03 1.741481944918632507e-02
9.007741697132587433e-03 7.526519242674112320e-03
9.001514874398708344e-03 1.739750243723392487e-02
8.997391909360885620e-03 7.516542449593544006e-03
8.991101756691932678e-03 1.738003827631473541e-02
8.986953645944595337e-03 7.506499998271465302e-03
8.980649523437023163e-03 1.736241020262241364e-02
8.976444602012634277e-03 7.496340200304985046e-03
8.970115333795547485e-03 1.734471134841442108e-02
8.965864777565002441e-03 7.486104965209960938e-03
8.959498256444931030e-03 1.732685044407844543e-02
8.955205790698528290e-03 7.475784048438072205e-03
8.948799222707748413e-03 1.730893552303314209e-02
8.944474160671234131e-03 7.465346716344356537e-03
8.938044309616088867e-03 1.729082502424716949e-02
8.933675475418567657e-03 7.454844191670417786e-03
8.927214890718460083e-03 1.727264560759067535e-02
8.922803215682506561e-03 7.444277405738830566e-03
8.916272781789302826e-03 1.725417934358119965e-02
8.911851793527603149e-03 7.433615159243345261e-03
8.905283175408840179e-03 1.723578572273254395e-02
8.900820277631282806e-03 7.422837428748607635e-03
8.894227445125579834e-03 1.721713505685329437e-02
8.889701217412948608e-03 7.411975413560867310e-03
8.883095346391201019e-03 1.719840057194232941e-02
8.878520689904689789e-03 7.401049137115478516e-03
8.871882222592830658e-03 1.717956922948360443e-02
8.867283351719379425e-03 7.390018552541732788e-03
8.860570378601551056e-03 1.716052740812301636e-02
8.855927735567092896e-03 7.378883194178342819e-03
8.849209174513816833e-03 1.714143343269824982e-02
8.844527415931224823e-03 7.367684505879878998e-03
8.837763220071792603e-03 1.712216436862945557e-02
8.833041414618492126e-03 7.356372196227312088e-03
8.826231583952903748e-03 1.710270158946514130e-02
8.821460418403148651e-03 7.345006801187992096e-03
8.814622648060321808e-03 1.708312705159187317e-02
8.809815160930156708e-03 7.333538029342889786e-03
8.802946656942367554e-03 1.706343889236450195e-02
8.798101916909217834e-03 7.321956101804971695e-03
8.791176602244377136e-03 1.704365201294422150e-02
8.786287158727645874e-03 7.310260552912950516e-03
8.779344148933887482e-03 1.702367514371871948e-02
8.774406276643276215e-03 7.298503071069717407e-03
8.767413906753063202e-03 1.700355485081672668e-02
8.762438781559467316e-03 7.286663632839918137e-03
8.755430579185485840e-03 1.698333583772182465e-02
8.750389330089092255e-03 7.274711970239877701e-03
8.743331767618656158e-03 1.696296036243438721e-02
8.738273754715919495e-03 7.262678351253271103e-03
8.731169626116752625e-03 1.694242656230926514e-02
8.726067841053009033e-03 7.250533439218997955e-03
8.718941360712051392e-03 1.692181080579757690e-02
8.713795803487300873e-03 7.238266058266162872e-03
8.706618100404739380e-03 1.690102182328701019e-02
8.701441809535026550e-03 7.225969340652227402e-03
8.694211952388286591e-03 1.687998138368129730e-02
8.688967674970626831e-03 7.213591132313013077e-03
8.681716397404670715e-03 1.685890927910804749e-02
8.676440455019474030e-03 7.201092783361673355e-03
8.669146336615085602e-03 1.683764904737472534e-02
8.663836866617202759e-03 7.188463117927312851e-03
8.656505495309829712e-03 1.681634038686752319e-02
8.651154115796089172e-03 7.175703532993793488e-03
8.643792942166328430e-03 1.679484359920024872e-02
8.638394996523857117e-03 7.162854541093111038e-03
8.631000295281410217e-03 1.677322201430797577e-02
8.625533431768417358e-03 7.149976212531328201e-03
8.618084713816642761e-03 1.675130613148212433e-02
8.612579666078090668e-03 7.137019187211990356e-03
8.605111390352249146e-03 1.672935858368873596e-02
8.599570952355861664e-03 7.123922929167747498e-03
8.592055179178714752e-03 1.670720800757408142e-02
8.586462587118148804e-03 7.110728416591882706e-03
8.578906767070293427e-03 1.668499596416950226e-02
8.573282510042190552e-03 7.097415160387754440e-03
8.565685711801052094e-03 1.666259951889514923e-02
8.560005575418472290e-03 7.084034383296966553e-03
8.552373386919498444e-03 1.664001867175102234e-02
8.546653203666210175e-03 7.070495747029781342e-03
8.538984693586826324e-03 1.661731302738189697e-02
8.533224463462829590e-03 7.056929636746644974e-03
8.525508455932140350e-03 1.659450121223926544e-02
8.519710041582584381e-03 7.043236866593360901e-03
8.511950261890888214e-03 1.657155156135559082e-02
8.506117388606071472e-03 7.029417436569929123e-03
8.498309180140495300e-03 1.654834114015102386e-02
8.492409251630306244e-03 7.015511859208345413e-03
8.484575897455215454e-03 1.652503944933414459e-02
8.478650823235511780e-03 7.001510355621576309e-03
8.470754139125347137e-03 1.650161668658256531e-02
8.464789018034934998e-03 6.987412925809621811e-03
8.456870913505554199e-03 1.647799648344516754e-02
8.450855500996112823e-03 6.973200477659702301e-03
8.442901074886322021e-03 1.645425520837306976e-02
8.436826989054679871e-03 6.958873011171817780e-03
8.428830653429031372e-03 1.643033325672149658e-02
8.422713726758956909e-03 6.944500841200351715e-03
8.414667099714279175e-03 1.640623062849044800e-02
8.408516645431518555e-03 6.929994560778141022e-03
8.400430902838706970e-03 1.638196036219596863e-02
8.394222706556320190e-03 6.915424019098281860e-03
8.386112749576568604e-03 1.635763421654701233e-02
8.379859849810600281e-03 6.900651380419731140e-03
8.371697738766670227e-03 1.633315719664096832e-02
8.365421555936336517e-03 6.885825190693140030e-03
8.357213810086250305e-03 1.630842499434947968e-02
8.350878953933715820e-03 6.870945449918508530e-03
8.342635817825794220e-03 1.628354378044605255e-02
8.336257189512252808e-03 6.855904124677181244e-03
8.327972143888473511e-03 1.625860482454299927e-02
8.321540430188179016e-03 6.840771064162254333e-03
8.313229307532310486e-03 1.623351871967315674e-02
8.306754752993583679e-03 6.825487595051527023e-03
8.298398926854133606e-03 1.620820909738540649e-02
8.291876874864101410e-03 6.810161750763654709e-03
8.283483795821666718e-03 1.618272252380847931e-02
8.276907727122306824e-03 6.794735323637723923e-03
8.268469944596290588e-03 1.615699939429759979e-02
8.261842653155326843e-03 6.779257673770189285e-03
8.253353647887706757e-03 1.613117381930351257e-02
8.246696554124355316e-03 6.763581652194261551e-03
8.238177746534347534e-03 1.610527932643890381e-02
8.231472223997116089e-03 6.747826468199491501e-03
8.222915232181549072e-03 1.607922278344631195e-02
8.216177113354206085e-03 6.731913425028324127e-03
8.207578212022781372e-03 1.605300605297088623e-02
8.200787939131259918e-03 6.715940777212381363e-03
8.192147128283977509e-03 1.602660119533538818e-02
8.185324259102344513e-03 6.699850782752037048e-03
8.176624774932861328e-03 1.599997654557228088e-02
8.169742301106452942e-03 6.683721207082271576e-03
8.161004632711410522e-03 1.597320660948753357e-02
8.154071867465972900e-03 6.667494308203458786e-03
8.145285770297050476e-03 1.594624854624271393e-02
8.138323202729225159e-03 6.651112344115972519e-03
8.129507303237915039e-03 1.591916382312774658e-02
8.122486062347888947e-03 6.634585559368133545e-03
8.113646879792213440e-03 1.589204184710979462e-02
8.106597699224948883e-03 6.617933977395296097e-03
8.097708225250244141e-03 1.586474850773811340e-02
8.090600371360778809e-03 6.601225584745407104e-03
8.081663399934768677e-03 1.583717763423919678e-02
8.074522018432617188e-03 6.584441289305686951e-03
8.065540343523025513e-03 1.580945216119289398e-02
8.058345876634120941e-03 6.567534059286117554e-03
8.049316704273223877e-03 1.578155346214771271e-02
8.042080327868461609e-03 6.550551857799291611e-03
8.033012971282005310e-03 1.575345732271671295e-02
8.025726303458213806e-03 6.533446721732616425e-03
8.016627281904220581e-03 1.572525128722190857e-02
8.009284734725952148e-03 6.516162306070327759e-03
8.000164292752742767e-03 1.569696515798568726e-02
7.992795668542385101e-03 6.498795002698898315e-03
7.983617484569549561e-03 1.566848158836364746e-02
7.976198568940162659e-03 6.481364369392395020e-03
7.966977544128894806e-03 1.563983038067817688e-02
7.959513925015926361e-03 6.463794037699699402e-03
7.950246334075927734e-03 1.561093609780073166e-02
7.942734286189079285e-03 6.446142680943012238e-03
7.933437824249267578e-03 1.558189094066619873e-02
7.925878278911113739e-03 6.428400520235300064e-03
7.916515693068504333e-03 1.555270887911319733e-02
7.908931002020835876e-03 6.410530302673578262e-03
7.899547927081584930e-03 1.552345044910907745e-02
7.891903631389141083e-03 6.392551120370626450e-03
7.882477715611457825e-03 1.549393683671951294e-02
7.874795235693454742e-03 6.374473683536052704e-03
7.865341380238533020e-03 1.546431891620159149e-02
7.857597433030605316e-03 6.356270052492618561e-03
7.848101668059825897e-03 1.543443277478218079e-02
7.840303704142570496e-03 6.338016130030155182e-03
7.830771617591381073e-03 1.540442742407321930e-02
7.822937332093715668e-03 6.319608539342880249e-03
7.813355885446071625e-03 1.537427399307489395e-02
7.805487141013145447e-03 6.301095243543386459e-03
7.795862853527069092e-03 1.534403208643198013e-02
7.787962909787893295e-03 6.282467395067214966e-03
7.778285071253776550e-03 1.531353872269392014e-02
7.770347408950328827e-03 6.263753864914178848e-03
7.760639768093824387e-03 1.528287027031183243e-02
7.752629462629556656e-03 6.244983524084091187e-03
7.742885500192642212e-03 1.525202672928571701e-02
7.734826300293207169e-03 6.226062774658203125e-03
7.725057657808065414e-03 1.522106677293777466e-02
7.716965861618518829e-03 6.207001395523548126e-03
7.707157172262668610e-03 1.519000623375177383e-02
7.699034176766872406e-03 6.187838036566972733e-03
7.689168676733970642e-03 1.515871286392211914e-02
7.680995389819145203e-03 6.168638821691274643e-03
7.671075873076915741e-03 1.512717362493276596e-02
7.662859745323657990e-03 6.149347871541976929e-03
7.652910891920328140e-03 1.509550586342811584e-02
7.644654251635074615e-03 6.129891145974397659e-03
7.634686306118965149e-03 1.506375428289175034e-02
7.626371458172798157e-03 6.110306829214096069e-03
7.616365328431129456e-03 1.503187511116266251e-02
7.608007639646530151e-03 6.090688519179821014e-03
7.597958203405141830e-03 1.499976776540279388e-02
7.589570712298154831e-03 6.070916540920734406e-03
7.579475175589323044e-03 1.496746018528938293e-02
7.571026217192411423e-03 6.051092874258756638e-03
7.560895755887031555e-03 1.493495516479015350e-02
7.552409078925848007e-03 6.031153257936239243e-03
7.542247418314218521e-03 1.490238402038812637e-02
7.533723954111337662e-03 6.011071149259805679e-03
7.523528300225734711e-03 1.486964430660009384e-02
7.514954544603824615e-03 5.990921519696712494e-03
7.504711393266916275e-03 1.483672205358743668e-02
7.496107369661331177e-03 5.970648489892482758e-03
7.485810667276382446e-03 1.480366289615631104e-02
7.477180100977420807e-03 5.950253456830978394e-03
7.466859184205532074e-03 1.477035135030746460e-02
7.458163425326347351e-03 5.929857026785612106e-03
7.447791285812854767e-03 1.473690290004014969e-02
7.439058274030685425e-03 5.909303203225135803e-03
7.428666576743125916e-03 1.470330543816089630e-02
7.419894449412822723e-03 5.888611078262329102e-03
7.409448269754648209e-03 1.466960087418556213e-02
7.400652859359979630e-03 5.867863539606332779e-03
7.390161044895648956e-03 1.463570445775985718e-02
7.381326053291559219e-03 5.846988875418901443e-03
7.370795123279094696e-03 1.460163202136754990e-02
7.361908443272113800e-03 5.826042499393224716e-03
7.351369597017765045e-03 1.456744037568569183e-02
7.342436350882053375e-03 5.804960615932941437e-03
7.331840228289365768e-03 1.453302986919879913e-02
7.322857622057199478e-03 5.783835891634225845e-03
7.312236353754997253e-03 1.449847407639026642e-02
7.303226273506879807e-03 5.762586370110511780e-03
7.292567752301692963e-03 1.446374319493770599e-02
7.283505517989397049e-03 5.741258617490530014e-03
7.272814866155385971e-03 1.442891173064708710e-02
7.263725623488426208e-03 5.719753913581371307e-03
7.252994924783706665e-03 1.439392194151878357e-02
7.243863306939601898e-03 5.698218010365962982e-03
7.233083248138427734e-03 1.435871794819831848e-02
7.223912514746189117e-03 5.676623433828353882e-03
7.213108241558074951e-03 1.432334259152412415e-02
7.203887216746807098e-03 5.654908716678619385e-03
7.193055935204029083e-03 1.428779680281877518e-02
7.183797191828489304e-03 5.633101332932710648e-03
7.172931451350450516e-03 1.425213832408189774e-02
7.163631264120340347e-03 5.611175671219825745e-03
7.152731064707040787e-03 1.421636901795864105e-02
7.143397815525531769e-03 5.589122883975505829e-03
7.132458500564098358e-03 1.418044511228799820e-02
7.123109884560108185e-03 5.567007232457399368e-03
7.112129125744104385e-03 1.414432656019926071e-02
7.102725096046924591e-03 5.544811021536588669e-03
7.091720588505268097e-03 1.410802733153104782e-02
7.082277908921241760e-03 5.522552412003278732e-03
7.071213331073522568e-03 1.407156232744455338e-02
7.061742711812257767e-03 5.500171333551406860e-03
7.050661370158195496e-03 1.403493247926235199e-02
7.041137199848890305e-03 5.477729253470897675e-03
7.030023727566003799e-03 1.399815268814563751e-02
7.020464166998863220e-03 5.455209873616695404e-03
7.009312510490417480e-03 1.396120991557836533e-02
6.999728269875049591e-03 5.432526115328073502e-03
6.988539360463619232e-03 1.392417587339878082e-02
6.978925783187150955e-03 5.409784615039825439e-03
6.967712659388780594e-03 1.388700865209102631e-02
6.958045531064271927e-03 5.386959295719861984e-03
6.946793757379055023e-03 1.384965144097805023e-02
6.937102414667606354e-03 5.364059936255216599e-03
6.925825960934162140e-03 1.381214894354343414e-02
6.916104815900325775e-03 5.341061390936374664e-03
6.904796697199344635e-03 1.377450209110975266e-02
6.895021069794893265e-03 5.317981820553541183e-03
6.883689668029546738e-03 1.373662613332271576e-02
6.873869802802801132e-03 5.294848233461380005e-03
6.862489972263574600e-03 1.369860768318176270e-02
6.852644961327314377e-03 5.271626636385917664e-03
6.841234862804412842e-03 1.366047468036413193e-02
6.831366568803787231e-03 5.248265806585550308e-03
6.819926202297210693e-03 1.362222712486982346e-02
6.810035556554794312e-03 5.224870983511209488e-03
6.798569113016128540e-03 1.358385384082794189e-02
6.788636092096567154e-03 5.201338790357112885e-03
6.777126342058181763e-03 1.354531198740005493e-02
6.767165381461381912e-03 5.177757237106561661e-03
6.755637004971504211e-03 1.350660249590873718e-02
6.745622958987951279e-03 5.154135171324014664e-03
6.734066642820835114e-03 1.346771419048309326e-02
6.724031642079353333e-03 5.130412988364696503e-03
6.712433882057666779e-03 1.342867501080036163e-02
6.702372338622808456e-03 5.106600932776927948e-03
6.690749898552894592e-03 1.338953990489244461e-02
6.680646911263465881e-03 5.082716699689626694e-03
6.669003516435623169e-03 1.335024181753396988e-02
6.658865138888359070e-03 5.058761686086654663e-03
6.647197064012289047e-03 1.331083662807941437e-02
6.637034006416797638e-03 5.034693516790866852e-03
6.625344976782798767e-03 1.327126938849687576e-02
6.615132093429565430e-03 5.010598804801702499e-03
6.603400688618421555e-03 1.323152892291545868e-02
6.593165453523397446e-03 4.986435174942016602e-03
6.581412162631750107e-03 1.319168228656053543e-02
6.571157369762659073e-03 4.962162114679813385e-03
6.559361703693866730e-03 1.315170526504516602e-02
6.549076177179813385e-03 4.937848076224327087e-03
6.537273526191711426e-03 1.311157085001468658e-02
6.526950281113386154e-03 4.913418088108301163e-03
6.515115033835172653e-03 1.307132001966238022e-02
6.504771765321493149e-03 4.888965282589197159e-03
6.492903456091880798e-03 1.303087268024682999e-02
6.482528056949377060e-03 4.864431917667388916e-03
6.470637395977973938e-03 1.299031171947717667e-02
6.460235919803380966e-03 4.839803092181682587e-03
6.448306143283843994e-03 1.294966414570808411e-02
6.437893491238355637e-03 4.815145861357450485e-03
6.425935775041580200e-03 1.290880981832742691e-02
6.415476091206073761e-03 4.790410865098237991e-03
6.403505336493253708e-03 1.286785770207643509e-02
6.393015850335359573e-03 4.765633028000593185e-03
6.381022743880748749e-03 1.282679475843906403e-02
6.370507646352052689e-03 4.740762989968061447e-03
6.358495913445949554e-03 1.278558187186717987e-02
6.347961723804473877e-03 4.715819377452135086e-03
6.335913203656673431e-03 1.274426095187664032e-02
6.325353868305683136e-03 4.690810572355985641e-03
6.313293240964412689e-03 1.270281802862882614e-02
6.302703171968460083e-03 4.665746353566646576e-03
6.290617398917675018e-03 1.266125589609146118e-02
6.280002184212207794e-03 4.640651401132345200e-03
6.267883814871311188e-03 1.261943951249122620e-02
6.257234141230583191e-03 4.615527112036943436e-03
6.245094351470470428e-03 1.257757190614938736e-02
6.234417669475078583e-03 4.590293392539024353e-03
6.222271360456943512e-03 1.253561396151781082e-02
6.211589090526103973e-03 4.565000068396329880e-03
6.199413910508155823e-03 1.249357964843511581e-02
6.188700441271066666e-03 4.539656452834606171e-03
6.176503375172615051e-03 1.245137676596641541e-02
6.165772676467895508e-03 4.514246713370084763e-03
6.153543479740619659e-03 1.240900531411170959e-02
6.142780184745788574e-03 4.488836508244276047e-03
6.130532827228307724e-03 1.236650813370943069e-02
6.119747180491685867e-03 4.463386721909046173e-03
6.107491906732320786e-03 1.232389826327562332e-02
6.096681114286184311e-03 4.437850322574377060e-03
6.084403488785028458e-03 1.228119060397148132e-02
6.073579192161560059e-03 4.412260372191667557e-03
6.061277352273464203e-03 1.223842427134513855e-02
6.050439085811376572e-03 4.386586602777242661e-03
6.038133054971694946e-03 1.219554897397756577e-02
6.027262657880783081e-03 4.360893275588750839e-03
6.014923099428415298e-03 1.215249858796596527e-02
6.004032678902149200e-03 4.335188772529363632e-03
5.991669837385416031e-03 1.210928894579410553e-02
5.980773363262414932e-03 4.309443291276693344e-03
5.968395620584487915e-03 1.206606440246105194e-02
5.957471672445535660e-03 4.283602815121412277e-03
5.945083685219287872e-03 1.202269457280635834e-02
5.934140644967556000e-03 4.257738590240478516e-03
5.921724252402782440e-03 1.197918131947517395e-02
5.910767707973718643e-03 4.231891129165887833e-03
5.898325704038143158e-03 1.193557772785425186e-02
5.887350533157587051e-03 4.205951932817697525e-03
5.874922033399343491e-03 1.189192291349172592e-02
5.863925907760858536e-03 4.179961513727903366e-03
5.851474124938249588e-03 1.184814143925905228e-02
5.840455181896686554e-03 4.153974819928407669e-03
5.827974993735551834e-03 1.180419418960809708e-02
5.816940683871507645e-03 4.127954132854938507e-03
5.804449319839477539e-03 1.176018640398979187e-02
5.793403834104537964e-03 4.101900849491357803e-03
5.780904553830623627e-03 1.171610597521066666e-02
5.769832991063594818e-03 4.075778182595968246e-03
5.757333710789680481e-03 1.167191471904516220e-02
5.746263545006513596e-03 4.049647133797407150e-03
5.733733531087636948e-03 1.162764057517051697e-02
5.722642876207828522e-03 4.023472312837839127e-03
5.710093770176172256e-03 1.158327050507068634e-02
5.698991008102893829e-03 3.997306339442729950e-03
5.686427466571331024e-03 1.153870392590761185e-02
5.675306543707847595e-03 3.971121273934841156e-03
5.662739276885986328e-03 1.149413362145423889e-02
5.651610437780618668e-03 3.944871947169303894e-03
5.639035720378160477e-03 1.144949626177549362e-02
5.627890583127737045e-03 3.918605390936136246e-03
5.615308415144681931e-03 1.140476763248443604e-02
5.604150705039501190e-03 3.892300184816122055e-03
5.591545719653367996e-03 1.135988533496856689e-02
5.580378230661153793e-03 3.866031533107161522e-03
5.567764863371849060e-03 1.131496392190456390e-02
5.556588526815176010e-03 3.839711425825953484e-03
5.543973296880722046e-03 1.126994285732507706e-02
5.532776471227407455e-03 3.813407849520444870e-03
5.520150065422058105e-03 1.122479606419801712e-02
5.508947651833295822e-03 3.787055145949125290e-03
5.496298428624868393e-03 1.117963902652263641e-02
5.485097412019968033e-03 3.760698717087507248e-03
5.472454242408275604e-03 1.113438419997692108e-02
5.461222957819700241e-03 3.734317841008305550e-03
5.448571871966123581e-03 1.108903344720602036e-02
5.437340587377548218e-03 3.707928350195288658e-03
5.424700211733579636e-03 1.104367431253194809e-02
5.413455422967672348e-03 3.681502072140574455e-03
5.400802940130233765e-03 1.099820900708436966e-02
5.389546509832143784e-03 3.655119799077510834e-03
5.376868881285190582e-03 1.095257513225078583e-02
5.365611519664525986e-03 3.628724720329046249e-03
5.352924577891826630e-03 1.090692356228828430e-02
5.341660697013139725e-03 3.602346638217568398e-03
5.328975617885589600e-03 1.086119376122951508e-02
5.317710340023040771e-03 3.575915237888693810e-03
5.305029451847076416e-03 1.081546116620302200e-02
5.293755792081356049e-03 3.549481509253382683e-03
5.281073041260242462e-03 1.076966430991888046e-02
5.269805435091257095e-03 3.523053834214806557e-03
5.257104523479938507e-03 1.072377897799015045e-02
5.245824810117483139e-03 3.496640361845493317e-03
5.233112722635269165e-03 1.067780703306198120e-02
5.221834406256675720e-03 3.470228053629398346e-03
5.209134425967931747e-03 1.063177362084388733e-02
5.197845399379730225e-03 3.443824825808405876e-03
5.185149610042572021e-03 1.058569271117448807e-02
5.173846613615751266e-03 3.417424857616424561e-03
5.161134060472249985e-03 1.053954102098941803e-02
5.149844568222761154e-03 3.391050267964601517e-03
5.137131083756685257e-03 1.049330644309520721e-02
5.125836934894323349e-03 3.364674048498272896e-03
5.113134160637855530e-03 1.044711284339427948e-02
5.101840943098068237e-03 3.338276641443371773e-03
5.089129321277141571e-03 1.040081400424242020e-02
5.077827256172895432e-03 3.311914857476949692e-03
5.065126810222864151e-03 1.035449746996164322e-02
5.053825676441192627e-03 3.285568673163652420e-03
5.041120108217000961e-03 1.030810177326202393e-02
5.029819905757904053e-03 3.259239019826054573e-03
5.017111077904701233e-03 1.026165392249822617e-02
5.005809012800455093e-03 3.232947783544659615e-03
4.993106238543987274e-03 1.021517813205718994e-02
4.981804173439741135e-03 3.206661669537425041e-03
4.969103727489709854e-03 1.016863994300365448e-02
4.957809112966060638e-03 3.180395346134901047e-03
4.945117048919200897e-03 1.012208778411149979e-02
4.933815915137529373e-03 3.154150210320949554e-03
4.921130836009979248e-03 1.007549930363893509e-02
4.909837618470191956e-03 3.127906937152147293e-03
4.897150211036205292e-03 1.002885028719902039e-02
4.885859787464141846e-03 3.101720241829752922e-03
4.873172380030155182e-03 9.982191026210784912e-03
4.861885216087102890e-03 3.075544489547610283e-03
4.849212709814310074e-03 9.935461916029453278e-03
4.837915301322937012e-03 3.049420425668358803e-03
4.825236741453409195e-03 9.888676926493644714e-03
4.813952371478080750e-03 3.023348748683929443e-03
4.801289178431034088e-03 9.841966442763805389e-03
4.790022037923336029e-03 2.997212810441851616e-03
4.777364898473024368e-03 9.795237332582473755e-03
4.766112659126520157e-03 2.971157897263765335e-03
4.753473214805126190e-03 9.748465381562709808e-03
4.742207471281290054e-03 2.945151878520846367e-03
4.729554988443851471e-03 9.701630100607872009e-03
4.718308802694082260e-03 2.919195918366312981e-03
4.705661907792091370e-03 9.654708206653594971e-03
4.694411531090736389e-03 2.893284196034073830e-03
4.681777209043502808e-03 9.607830084860324860e-03
4.670539405196905136e-03 2.867424394935369492e-03
4.657915793359279633e-03 9.560914710164070129e-03
4.646688699722290039e-03 2.841572277247905731e-03
4.634079523384571075e-03 9.514067322015762329e-03
4.622867330908775330e-03 2.815749030560255051e-03
4.610261879861354828e-03 9.467195719480514526e-03
4.599067848175764084e-03 2.789967926219105721e-03
4.586476832628250122e-03 9.420324116945266724e-03
4.575292114168405533e-03 2.764261327683925629e-03
4.562709014862775803e-03 9.373396635055541992e-03
4.551521502435207367e-03 2.738611539825797081e-03
4.538950044661760330e-03 9.326424449682235718e-03
4.527766723185777664e-03 2.713012974709272385e-03
4.515211097896099091e-03 9.279466234147548676e-03
4.504041746258735657e-03 2.687491476535797119e-03
4.491488914936780930e-03 9.232501499354839325e-03
4.480343777686357498e-03 2.661985810846090317e-03
4.467816092073917389e-03 9.185598231852054596e-03
4.456677008420228958e-03 2.636528341099619865e-03
4.444161430001258850e-03 9.138711728155612946e-03
4.433046095073223114e-03 2.611132338643074036e-03
4.420546814799308777e-03 9.091832675039768219e-03
4.409441258758306503e-03 2.585774520412087440e-03
4.396959673613309860e-03 9.044903330504894257e-03
4.385875537991523743e-03 2.560516120865941048e-03
4.373389296233654022e-03 8.997959084808826447e-03
4.362304229289293289e-03 2.535345731303095818e-03
4.349841270595788956e-03 8.951047435402870178e-03
4.338778555393218994e-03 2.510215854272246361e-03
4.326327238231897354e-03 8.904134854674339294e-03
4.315281286835670471e-03 2.485146047547459602e-03
4.302863031625747681e-03 8.857311680912971497e-03
4.291838500648736954e-03 2.460113260895013809e-03
4.279429093003273010e-03 8.810499683022499084e-03
4.268433898687362671e-03 2.435154281556606293e-03
4.256043583154678345e-03 8.763723075389862061e-03
4.245050251483917236e-03 2.410287270322442055e-03
4.232673905789852142e-03 8.716881275177001953e-03
4.221698269248008728e-03 2.385489875450730324e-03
4.209349397569894791e-03 8.670086972415447235e-03
4.198383539915084839e-03 2.360780024901032448e-03
4.186043515801429749e-03 8.623319678008556366e-03
4.175101872533559799e-03 2.336164237931370735e-03
4.162787459790706635e-03 8.576534688472747803e-03
4.151868168264627457e-03 2.311585936695337296e-03
4.139580298215150833e-03 8.529921993613243103e-03
4.128694999963045120e-03 2.287063281983137131e-03
4.116417374461889267e-03 8.483282290399074554e-03
4.105546977370977402e-03 2.262631664052605629e-03
4.093305673450231552e-03 8.436692878603935242e-03
4.082446452230215073e-03 2.238303190097212791e-03
4.070223774760961533e-03 8.390079252421855927e-03
4.059392027556896210e-03 2.214050153270363808e-03
4.047174006700515747e-03 8.343519642949104309e-03
4.036362282931804657e-03 2.189923543483018875e-03
4.024173133075237274e-03 8.296946994960308075e-03
4.013371188193559647e-03 2.165862591937184334e-03
4.001210909336805344e-03 8.250473067164421082e-03
3.990444820374250412e-03 2.141857286915183067e-03
3.978314343839883804e-03 8.204085752367973328e-03
3.967582248151302338e-03 2.117942087352275848e-03
3.955473192036151886e-03 8.157754316926002502e-03
3.944762516766786575e-03 2.094095339998602867e-03
3.932677675038576126e-03 8.111457340419292450e-03
3.921983763575553894e-03 2.070400165393948555e-03
3.909927327185869217e-03 8.065164089202880859e-03
3.899246687069535255e-03 2.046785783022642136e-03
3.887211903929710388e-03 8.018907159566879272e-03
3.876562695950269699e-03 2.023279899731278419e-03
3.864556085318326950e-03 7.972750812768936157e-03
3.853939007967710495e-03 1.999824540689587593e-03
3.841955214738845825e-03 7.926664315164089203e-03
3.831368405371904373e-03 1.976495375856757164e-03
3.819418139755725861e-03 7.880626246333122253e-03
3.808850422501564026e-03 1.953255617991089821e-03
3.796916687861084938e-03 7.834648713469505310e-03
3.786389715969562531e-03 1.930116675794124603e-03
3.774493001401424408e-03 7.788742892444133759e-03
3.763990476727485657e-03 1.907084370031952858e-03
3.752112155780196190e-03 7.742908783257007599e-03
3.741641063243150711e-03 1.884154160507023335e-03
3.729800926521420479e-03 7.697116117924451828e-03
3.719351254403591156e-03 1.861336757428944111e-03
3.707536496222019196e-03 7.651406805962324142e-03
3.697119653224945068e-03 1.838617608882486820e-03
3.685329807922244072e-03 7.605750579386949539e-03
3.674946026876568794e-03 1.815992174670100212e-03
3.663194598630070686e-03 7.560220081359148026e-03
3.652836661785840988e-03 1.793496776372194290e-03
3.641112009063363075e-03 7.514754775911569595e-03
3.630789928138256073e-03 1.771106384694576263e-03
3.619094844907522202e-03 7.469302508980035782e-03
3.608797444030642509e-03 1.748831826262176037e-03
3.597123082727193832e-03 7.423977833241224289e-03
3.586860373616218567e-03 1.726673333905637264e-03
3.575240029022097588e-03 7.378709036856889725e-03
3.565013641491532326e-03 1.704616821371018887e-03
3.553407965227961540e-03 7.333589252084493637e-03
3.543221391737461090e-03 1.682657981291413307e-03
3.531659720465540886e-03 7.288556545972824097e-03
3.521502949297428131e-03 1.660831854678690434e-03
3.509961068630218506e-03 7.243530824780464172e-03
3.499827813357114792e-03 1.639157882891595364e-03
3.488322021439671516e-03 7.198624778538942337e-03
3.478231141343712807e-03 1.617568661458790302e-03
3.466768888756632805e-03 7.153807207942008972e-03
3.456702688708901405e-03 1.596108311787247658e-03
3.445263253524899483e-03 7.109110243618488312e-03
3.435245715081691742e-03 1.574753434397280216e-03
3.423850052058696747e-03 7.064522709697484970e-03
3.413861850276589394e-03 1.553542329929769039e-03
3.402496222406625748e-03 7.019985932856798172e-03
3.392543643712997437e-03 1.532447175122797489e-03
3.381212241947650909e-03 6.975569762289524078e-03
3.371300874277949333e-03 1.511468319222331047e-03
3.360010217875242233e-03 6.931274663656949997e-03
3.350125625729560852e-03 1.490634051151573658e-03
3.338864538818597794e-03 6.887021940201520920e-03
3.329017665237188339e-03 1.469926093704998493e-03
3.317801514640450478e-03 6.842910777777433395e-03
3.307989099994301796e-03 1.449335715733468533e-03
3.296806477010250092e-03 6.798902060836553574e-03
3.287032479420304298e-03 1.428863615728914738e-03
3.275889437645673752e-03 6.755045149475336075e-03
3.266163403168320656e-03 1.408532611094415188e-03
3.255054354667663574e-03 6.711281370371580124e-03
3.245360683649778366e-03 1.388320582918822765e-03
3.234291449189186096e-03 6.667611189186573029e-03
3.224638057872653008e-03 1.368267927318811417e-03
3.213610965758562088e-03 6.624025292694568634e-03
3.203986678272485733e-03 1.348334830254316330e-03
3.192991949617862701e-03 6.580582354217767715e-03
3.183406544849276543e-03 1.328552374616265297e-03
3.172446042299270630e-03 6.537253502756357193e-03
3.162913955748081207e-03 1.308877370320260525e-03
3.152006771415472031e-03 6.494077388197183609e-03
3.142507979646325111e-03 1.289344741962850094e-03
3.131639678031206131e-03 6.451024673879146576e-03
3.122185356914997101e-03 1.269959029741585255e-03
3.111343365162611008e-03 6.408067885786294937e-03
3.101932117715477943e-03 1.250707544386386871e-03
3.091140184551477432e-03 6.365235429257154465e-03
3.081763163208961487e-03 1.231602975167334080e-03
3.070996608585119247e-03 6.322480272501707077e-03
3.061658935621380806e-03 1.212628907524049282e-03
3.050948260352015495e-03 6.279888097196817398e-03
3.041652264073491096e-03 1.193806296214461327e-03
3.030974417924880981e-03 6.237440276890993118e-03
3.021724056452512741e-03 1.175110344775021076e-03
3.011098830029368401e-03 6.195163819938898087e-03
3.001892706379294395e-03 1.156558049842715263e-03
2.991306129842996597e-03 6.152956746518611908e-03
2.982132136821746826e-03 1.138157327659428120e-03
2.971587236970663071e-03 6.110903341323137283e-03
2.962458180263638496e-03 1.119892112910747528e-03
2.951959148049354553e-03 6.068984512239694595e-03
2.942878287285566330e-03 1.101782661862671375e-03
2.932415110990405083e-03 6.027219351381063461e-03
2.923380117863416672e-03 1.083789393305778503e-03
2.912967465817928314e-03 5.985571071505546570e-03
2.903963671997189522e-03 1.065975404344499111e-03
2.893587108701467514e-03 5.944057367742061615e-03
2.884631743654608727e-03 1.048297388479113579e-03
2.874305006116628647e-03 5.902688484638929367e-03
2.865393646061420441e-03 1.030755811370909214e-03
2.855110680684447289e-03 5.861491430550813675e-03
2.846245653927326202e-03 1.013377448543906212e-03
2.836002502590417862e-03 5.820393096655607224e-03
2.827181946486234665e-03 9.961429750546813011e-04
2.816983498632907867e-03 5.779475905001163483e-03
2.808207180351018906e-03 9.790600743144750595e-04
2.798050176352262497e-03 5.738684441894292831e-03
2.789317630231380463e-03 9.621137869544327259e-04
2.779203234240412712e-03 5.698010791093111038e-03
2.770515624433755875e-03 9.453411330468952656e-04
2.760453615337610245e-03 5.657535512000322342e-03
2.751806285232305527e-03 9.286941494792699814e-04
2.741792937740683556e-03 5.617204587906599045e-03
2.733206376433372498e-03 9.121950715780258179e-04
2.723233774304389954e-03 5.577071104198694229e-03
2.714690053835511208e-03 8.958510006777942181e-04
2.704757265746593475e-03 5.537028890103101730e-03
2.696249634027481079e-03 8.796794572845101357e-04
2.686367835849523544e-03 5.497138947248458862e-03
2.677912823855876923e-03 8.636481361463665962e-04
2.668065950274467468e-03 5.457384977489709854e-03
2.659657970070838928e-03 8.477781666442751884e-04
2.649861387908458710e-03 5.417827982455492020e-03
2.641495084390044212e-03 8.320519118569791317e-04
2.631749724969267845e-03 5.378449335694313049e-03
2.623434178531169891e-03 8.164831087924540043e-04
2.613739110529422760e-03 5.339223425835371017e-03
2.605479909107089043e-03 8.010444580577313900e-04
2.595821861177682877e-03 5.300114862620830536e-03
2.587594557553529739e-03 7.857866003178060055e-04
2.577990060672163963e-03 5.261176265776157379e-03
2.569808391854166985e-03 7.706886972300708294e-04
2.560249064117670059e-03 5.222398322075605392e-03
2.552118850871920586e-03 7.557372446171939373e-04
2.542603760957717896e-03 5.183815024793148041e-03
2.534528961405158043e-03 7.409257232211530209e-04
2.525074407458305359e-03 5.145426373928785324e-03
2.517043845728039742e-03 7.262704893946647644e-04
2.507625380530953407e-03 5.107154604047536850e-03
2.499641617760062218e-03 7.117838249541819096e-04
2.490267390385270119e-03 5.069017410278320312e-03
2.482323907315731049e-03 6.974620628170669079e-04
2.472996246069669724e-03 5.031082313507795334e-03
2.465109573677182198e-03 6.832951330579817295e-04
2.455839887261390686e-03 4.993298090994358063e-03
2.447990467771887779e-03 6.692643510177731514e-04
2.438761526718735695e-03 4.955715034157037735e-03
2.430975437164306641e-03 6.554035353474318981e-04
2.421793993562459946e-03 4.918315913528203964e-03
2.414059592410922050e-03 6.416847463697195053e-04
2.404931001365184784e-03 4.881075117737054825e-03
2.397233620285987854e-03 6.281289970502257347e-04
2.388150896877050400e-03 4.843992181122303009e-03
2.380508463829755783e-03 6.147267995402216911e-04
2.371468581259250641e-03 4.807083867490291595e-03
2.363868989050388336e-03 6.014983518980443478e-04
2.354876138269901276e-03 4.770324565470218658e-03
2.347329165786504745e-03 5.884196143597364426e-04
2.338391961529850960e-03 4.733756184577941895e-03
2.330888062715530396e-03 5.754932062700390816e-04
2.321995794773101807e-03 4.697360564023256302e-03
2.314546843990683556e-03 5.627216305583715439e-04
2.305703936144709587e-03 4.661162849515676498e-03
2.298311330378055573e-03 5.501018022187054157e-04
2.289518248289823532e-03 4.625170025974512100e-03
2.282169414684176445e-03 5.376389017328619957e-04
2.273424994200468063e-03 4.589316435158252716e-03
2.266128081828355789e-03 5.253406125120818615e-04
2.257426269352436066e-03 4.553634673357009888e-03
2.250175224617123604e-03 5.131982034072279930e-04
2.241520909592509270e-03 4.518115893006324768e-03
2.234312472864985466e-03 5.012137116864323616e-04
2.225711941719055176e-03 4.482776392251253128e-03
2.218561246991157532e-03 4.893760778941214085e-04
2.210014034062623978e-03 4.447655286639928818e-03
2.202904783189296722e-03 4.777008143719285727e-04
2.194408327341079712e-03 4.412703681737184525e-03
2.187354257330298424e-03 4.661690327338874340e-04
2.178902504965662956e-03 4.377921577543020248e-03
2.171897795051336288e-03 4.548035794869065285e-04
2.163496334105730057e-03 4.343355540186166763e-03
2.156545873731374741e-03 4.435934824869036674e-04
2.148179803043603897e-03 4.308903589844703674e-03
2.141274977475404739e-03 4.325504996813833714e-04
2.132958732545375824e-03 4.274673759937286377e-03
2.126104431226849556e-03 4.216393863316625357e-04
2.117853844538331032e-03 4.240627400577068329e-03
2.111040055751800537e-03 4.108894208911806345e-04
2.102836035192012787e-03 4.206763580441474915e-03
2.096082782372832298e-03 4.002997011411935091e-04
2.087918575853109360e-03 4.173097200691699982e-03
2.081216312944889069e-03 3.898647264577448368e-04
2.073098905384540558e-03 4.139589145779609680e-03
2.066442510113120079e-03 3.795768425334244967e-04
2.058380283415317535e-03 4.106277134269475937e-03
2.051774412393569946e-03 3.694379702210426331e-04
2.043761080130934715e-03 4.073168151080608368e-03
2.037206664681434631e-03 3.594612353481352329e-04
2.029245952144265175e-03 4.040208179503679276e-03
2.022732747718691826e-03 3.496321733109652996e-04
2.014808356761932373e-03 4.007457755506038666e-03
2.008351264521479607e-03 3.399745619390159845e-04
2.000470180064439774e-03 3.974847961217164993e-03
1.994060352444648743e-03 3.304500132799148560e-04
1.986245624721050262e-03 3.942498937249183655e-03
1.979892374947667122e-03 3.210693539585918188e-04
1.972120022401213646e-03 3.910304047167301178e-03
1.965816831216216087e-03 3.118469030596315861e-04
1.958097331225872040e-03 3.878323128446936607e-03
1.951837562955915928e-03 3.027712809853255749e-04
1.944169169291853905e-03 3.846510546281933784e-03
1.937957713380455971e-03 2.938583202194422483e-04
1.930319587700068951e-03 3.814821364358067513e-03
1.924153300933539867e-03 2.851046447176486254e-04
1.916564535349607468e-03 3.783329389989376068e-03
1.910449005663394928e-03 2.764813834801316261e-04
1.902922173030674458e-03 3.752077464014291763e-03
1.896861940622329712e-03 2.680022153072059155e-04
1.889382256194949150e-03 3.721042303368449211e-03
1.883372548036277294e-03 2.596685662865638733e-04
1.875949325039982796e-03 3.690172452479600906e-03
1.869987696409225464e-03 2.514854422770440578e-04
1.862610573880374432e-03 3.659503068774938583e-03
1.856693183071911335e-03 2.434556517982855439e-04
1.849356340244412422e-03 3.628961741924285889e-03
1.843481324613094330e-03 2.355762699153274298e-04
1.836190233007073402e-03 3.598605748265981674e-03
1.830364577472209930e-03 2.278390893479809165e-04
1.823126454837620258e-03 3.568469546735286713e-03
1.817350625060498714e-03 2.202523464802652597e-04
1.810152316465973854e-03 3.538509830832481384e-03
1.804427476599812508e-03 2.128027408616617322e-04
1.797279459424316883e-03 3.508761292323470116e-03
1.791614689864218235e-03 2.054915530607104301e-04
1.784517429769039154e-03 3.479215549305081367e-03
1.778900623321533203e-03 1.983182446565479040e-04
1.771856565028429031e-03 3.449843730777502060e-03
1.766278641298413277e-03 1.913020387291908264e-04
1.759277191013097763e-03 3.420624416321516037e-03
1.753743621520698071e-03 1.844235375756397843e-04
1.746788853779435158e-03 3.391612553969025612e-03
1.741300337016582489e-03 1.776916178641840816e-04
1.734392368234694004e-03 3.362779505550861359e-03
1.728957169689238071e-03 1.710926590021699667e-04
1.722092507407069206e-03 3.334131557494401932e-03
1.716706785373389721e-03 1.646415039431303740e-04
1.709896139800548553e-03 3.305688500404357910e-03
1.704555121250450611e-03 1.583233242854475975e-04
1.697787898592650890e-03 3.277435433119535446e-03
1.692503341473639011e-03 1.521405210951343179e-04
1.685783965513110161e-03 3.249371657148003578e-03
1.680538523942232132e-03 1.460967032471671700e-04
1.673870836384594440e-03 3.221502760425209999e-03
1.668678713031113148e-03 1.401894987793639302e-04
1.662049442529678345e-03 3.193787764757871628e-03
1.656893058679997921e-03 1.344221527688205242e-04
1.650309306569397449e-03 3.166246227920055389e-03
1.645193784497678280e-03 1.287962513742968440e-04
1.638658577576279640e-03 3.138877218589186668e-03
1.633603009395301342e-03 1.232906070072203875e-04
1.627119025215506554e-03 3.111780155450105667e-03
1.622116658836603165e-03 1.179207465611398220e-04
1.615672255866229534e-03 3.084820229560136795e-03
1.610708655789494514e-03 1.126868955907411873e-04
1.604316290467977524e-03 3.058050060644745827e-03
1.599402516148984432e-03 1.075842155842110515e-04
1.593051943928003311e-03 3.031475469470024109e-03
1.588173327036201954e-03 1.026190730044618249e-04
1.581857679411768913e-03 3.005023347213864326e-03
1.577028306201100349e-03 9.778302046470344067e-05
1.570760272443294525e-03 2.978791249915957451e-03
1.565980608575046062e-03 9.307173604611307383e-05
1.559765776619315147e-03 2.952758455649018288e-03
1.555045018903911114e-03 8.848461584420874715e-05
1.548873493447899818e-03 2.926942892372608185e-03
1.544194761663675308e-03 8.402761886827647686e-05
1.538069918751716614e-03 2.901266561821103096e-03
1.533424365334212780e-03 7.970494334585964680e-05
1.527333632111549377e-03 2.875767182558774948e-03
1.522732083685696125e-03 7.550780719611793756e-05
1.516692107543349266e-03 2.850437536835670471e-03
1.512131304480135441e-03 7.143426046241074800e-05
1.506133354268968105e-03 2.825283445417881012e-03
1.501624123193323612e-03 6.748247687937691808e-05
1.495677512139081955e-03 2.800373360514640808e-03
1.491215894930064678e-03 6.364978617057204247e-05
1.485315035097301006e-03 2.775611123070120811e-03
1.480902894400060177e-03 5.994114326313138008e-05
1.475048484280705452e-03 2.751058898866176605e-03
1.470671850256621838e-03 5.635812703985720873e-05
1.464850734919309616e-03 2.726640785112977028e-03
1.460520783439278603e-03 5.289679756970144808e-05
1.454733661375939846e-03 2.702387049794197083e-03
1.450435956940054893e-03 4.955774056725203991e-05
1.444686204195022583e-03 2.678303513675928116e-03
1.440440420992672443e-03 4.633645949070341885e-05
1.434747944585978985e-03 2.654432086274027824e-03
1.430553384125232697e-03 4.322655149735510349e-05
1.424913527444005013e-03 2.630777657032012939e-03
1.420762855559587479e-03 4.023071596748195589e-05
1.415156060829758644e-03 2.607277827337384224e-03
1.411050441674888134e-03 3.735556310857646167e-05
1.405493123456835747e-03 2.583950059488415718e-03
1.401418005116283894e-03 3.459541039774194360e-05
1.395889557898044586e-03 2.560751279816031456e-03
1.391851459629833698e-03 3.195532917743548751e-05
1.386360032483935356e-03 2.537735272198915482e-03
1.382368616759777069e-03 2.942778155556879938e-05
1.376924570649862289e-03 2.514900639653205872e-03
1.372974482364952564e-03 2.700683216971810907e-05
1.367583638057112694e-03 2.492294413968920708e-03
1.363689079880714417e-03 2.469452374498359859e-05
1.358343288302421570e-03 2.469849307090044022e-03
1.354480977170169353e-03 2.249359749839641154e-05
1.349170226603746414e-03 2.447564620524644852e-03
1.345351571217179298e-03 2.040561230387538671e-05
1.340073766186833382e-03 2.425445709377527237e-03
1.336293178610503674e-03 1.842647725425194949e-05
1.331049948930740356e-03 2.403462305665016174e-03
1.327307312749326229e-03 1.655361302255187184e-05
1.322111347690224648e-03 2.381666097790002823e-03
1.318405847996473312e-03 1.478659396525472403e-05
1.313254935666918755e-03 2.360061742365360260e-03
1.309599028900265694e-03 1.312403310294030234e-05
1.304490026086568832e-03 2.338642487302422523e-03
1.300876727327704430e-03 1.156424241344211623e-05
1.295801601372659206e-03 2.317372476682066917e-03
1.292231841944158077e-03 1.010840242088306695e-05
1.287199673242866993e-03 2.296279650181531906e-03
1.283660065382719040e-03 8.756110219110269099e-06
1.278660725802183151e-03 2.275323029607534409e-03
1.275157439522445202e-03 7.506760084652341902e-06
1.270195469260215759e-03 2.254530321806669235e-03
1.266730250790715218e-03 6.356835001497529447e-06
1.261808560229837894e-03 2.233917592093348503e-03
1.258388976566493511e-03 5.304652404447551817e-06
1.253512455150485039e-03 2.213472500443458557e-03
1.250134198926389217e-03 4.350582457846030593e-06
1.245292951352894306e-03 2.193227410316467285e-03
1.241963938809931278e-03 3.494360498734749854e-06
1.237155753187835217e-03 2.173130866140127182e-03
1.233859802596271038e-03 2.734628651523962617e-06
1.229089917615056038e-03 2.153176814317703247e-03
1.225822023116052151e-03 2.070478558380273171e-06
1.221090904437005520e-03 2.133375033736228943e-03
1.217864337377250195e-03 1.500319854130793829e-06
1.213168725371360779e-03 2.113741589710116386e-03
1.209973590448498726e-03 1.023957906909345184e-06
1.205312320962548256e-03 2.094269962981343269e-03
1.202170620672404766e-03 6.387824669218389317e-07
1.197554636746644974e-03 2.074991585686802864e-03
1.194450072944164276e-03 3.449031567015481414e-07
1.189867034554481506e-03 2.055856166407465935e-03
1.186791574582457542e-03 1.418141124531757669e-07
1.182236010208725929e-03 2.036836463958024979e-03
1.179198967292904854e-03 2.771418294855720887e-08
1.174689503386616707e-03 2.018001629039645195e-03
1.171683659777045250e-03 1.831509166549949441e-09
1.167204231023788452e-03 1.999328844249248505e-03
1.164239016361534595e-03 6.311830702543375082e-08
1.159799983724951744e-03 1.980806468054652214e-03
1.156873186118900776e-03 2.107498318082434707e-07
1.152473036199808121e-03 1.962465234100818634e-03
1.149586401879787445e-03 4.436651011019421276e-07
1.145218731835484505e-03 1.944256830029189587e-03
1.142357126809656620e-03 7.606197414133930579e-07
1.138021470978856087e-03 1.926196040585637093e-03
1.135197002440690994e-03 1.160563101620937232e-06
1.130898017436265945e-03 1.908287173137068748e-03
1.128112431615591049e-03 1.643158611841499805e-06
1.123841269873082638e-03 1.890534535050392151e-03
1.121086417697370052e-03 2.206435055995825678e-06
1.116852741688489914e-03 1.872900873422622681e-03
1.114133745431900024e-03 2.850160853995475918e-06
1.109936507418751717e-03 1.855462905950844288e-03
1.107259071432054043e-03 3.574142056095297448e-06
1.103102345950901508e-03 1.838198513723909855e-03
1.100462512113153934e-03 4.376230663183378056e-06
1.096333377063274384e-03 1.821040175855159760e-03
1.093717874027788639e-03 5.254526513454038650e-06
1.089616445824503899e-03 1.804023049771785736e-03
1.087023760192096233e-03 6.207146270753582940e-06
1.082950155250728130e-03 1.787126180715858936e-03
1.080401591025292873e-03 7.236833880597259849e-06
1.076366752386093140e-03 1.770409173332154751e-03
1.073856954462826252e-03 8.342059118149336427e-06
1.069852383807301521e-03 1.753855496644973755e-03
1.067377394065260887e-03 9.519538252789061517e-06
1.063410658389329910e-03 1.737449201755225658e-03
1.060975482687354088e-03 1.077276738215005025e-05
1.057046116329729557e-03 1.721189124509692192e-03
1.054632710292935371e-03 1.209517540701199323e-05
1.050727791152894497e-03 1.705044996924698353e-03
1.048351521603763103e-03 1.348667592537822202e-05
1.044466160237789154e-03 1.689021009951829910e-03
1.042105606757104397e-03 1.494516436650883406e-05
1.038255169987678528e-03 1.673131133429706097e-03
1.035936526022851467e-03 1.647464887355454266e-05
1.032123924233019352e-03 1.657423214055597782e-03
1.029843930155038834e-03 1.807153603294864297e-05
1.026059268042445183e-03 1.641852082684636116e-03
1.023801974952220917e-03 1.973539292521309108e-05
1.020060852169990540e-03 1.626416924409568310e-03
1.017845352180302143e-03 2.146974657080136240e-05
1.014129258692264557e-03 1.611140905879437923e-03
1.011941349133849144e-03 2.326275898667518049e-05
1.008241204544901848e-03 1.595951151102781296e-03
1.006079954095184803e-03 2.511810816940851510e-05
1.002416945993900299e-03 1.580914016813039780e-03
1.000284566543996334e-03 2.703967584238853306e-05
9.966478683054447174e-04 1.565999817103147507e-03
9.945404017344117165e-04 2.902049891417846084e-05
9.909349028021097183e-04 1.551222056150436401e-03
9.888649219647049904e-04 3.106402800767682493e-05
9.852931834757328033e-04 1.536607858724892139e-03
9.832574287429451942e-04 3.317021037219092250e-05
9.797129314392805099e-04 1.522114034742116928e-03
9.777068626135587692e-04 3.533413109835237265e-05
9.741896647028625011e-04 1.507744425907731056e-03
9.722098475322127342e-04 3.755546640604734421e-05
9.687235578894615173e-04 1.493493560701608658e-03
9.667715057730674744e-04 3.983322676504030824e-05
9.633056470192968845e-04 1.479388331063091755e-03
9.613840957172214985e-04 4.217030073050409555e-05
9.579464094713330269e-04 1.465404871851205826e-03
9.560512262396514416e-04 4.455648740986362100e-05
9.526421781629323959e-04 1.451537595130503178e-03
9.507696959190070629e-04 4.699689452536404133e-05
9.473834652453660965e-04 1.437786151655018330e-03
9.455466642975807190e-04 4.949817230226472020e-05
9.421996655873954296e-04 1.424185582436621189e-03
9.403923759236931801e-04 5.205225534155033529e-05
9.370651096105575562e-04 1.410725642926990986e-03
9.352922788821160793e-04 5.465912909130565822e-05
9.320009266957640648e-04 1.397374318912625313e-03
9.302487014792859554e-04 5.731344936066307127e-05
9.269679430872201920e-04 1.384126371704041958e-03
9.252319578081369400e-04 6.001222936902195215e-05
9.219810599461197853e-04 1.370998797938227654e-03
9.202811052091419697e-04 6.276743079070001841e-05
9.170591365545988083e-04 1.358017325401306152e-03
9.153889841400086880e-04 6.557094457093626261e-05
9.121909970417618752e-04 1.345154480077326298e-03
9.105469798669219017e-04 6.842092261649668217e-05
9.073833934962749481e-04 1.332413638010621071e-03
9.057648712769150734e-04 7.132044993340969086e-05
9.026256157085299492e-04 1.319776871241629124e-03
9.010310168378055096e-04 7.426268712151795626e-05
8.979050908237695694e-04 1.307256286963820457e-03
8.963305153883993626e-04 7.724657189100980759e-05
8.932382334023714066e-04 1.294855377636849880e-03
8.916916558519005775e-04 8.027855074033141136e-05
8.886163705028593540e-04 1.282547716982662678e-03
8.870926685631275177e-04 8.335038728546351194e-05
8.840494556352496147e-04 1.270392443984746933e-03
8.825597469694912434e-04 8.647214417578652501e-05
8.795420872047543526e-04 1.258354051969945431e-03
8.780766511335968971e-04 8.963773871073499322e-05
8.750814013183116913e-04 1.246411004103720188e-03
8.736395393498241901e-04 9.283727558795362711e-05
8.706649532541632652e-04 1.234575058333575726e-03
8.692425326444208622e-04 9.607654646970331669e-05
8.662938489578664303e-04 1.222858205437660217e-03
8.648990769870579243e-04 9.935711568687111139e-05
8.619670988991856575e-04 1.211238675750792027e-03
8.605950279161334038e-04 1.026770478347316384e-04
8.576929103583097458e-04 1.199753023684024811e-03
8.563467417843639851e-04 1.060343565768562257e-04
8.534659864380955696e-04 1.188371446914970875e-03
8.521426934748888016e-04 1.094257168006151915e-04
8.492828346788883209e-04 1.177097205072641373e-03
8.479855023324489594e-04 1.128603325923904777e-04
8.451479370705783367e-04 1.165913417935371399e-03
8.438700460828840733e-04 1.163248743978329003e-04
8.410545997321605682e-04 1.154851866886019707e-03
8.398065110668540001e-04 1.198274330818094313e-04
8.370112627744674683e-04 1.143895438872277737e-03
8.357842452824115753e-04 1.233607617905363441e-04
8.330122218467295170e-04 1.133043435402214527e-03
8.318109903484582901e-04 1.269306521862745285e-04
8.290564292110502720e-04 1.122275018133223057e-03
8.278646273538470268e-04 1.305296755162999034e-04
8.251289837062358856e-04 1.111617661081254482e-03
8.239619201049208641e-04 1.341596798738464713e-04
8.212523534893989563e-04 1.101074507459998131e-03
8.201156742870807648e-04 1.378240849589928985e-04
8.174314862117171288e-04 1.090640551410615444e-03
8.163240854628384113e-04 1.415264996467158198e-04
8.136656833812594414e-04 1.080315094441175461e-03
8.125714957714080811e-04 1.452578726457431912e-04
8.099276456050574780e-04 1.070073805749416351e-03
8.088548784144222736e-04 1.490072463639080524e-04
8.062182459980249405e-04 1.059908536262810230e-03
8.051625336520373821e-04 1.527822896605357528e-04
8.025480783544480801e-04 1.049838028848171234e-03
8.015116909518837929e-04 1.565851562190800905e-04
7.989201694726943970e-04 1.039881026372313499e-03
7.979102665558457375e-04 1.604242133907973766e-04
7.953469757921993732e-04 1.030047889798879623e-03
7.943641394376754761e-04 1.642929419176653028e-04
7.918205810710787773e-04 1.020303461700677872e-03
7.908543338999152184e-04 1.681814901530742645e-04
7.883210200816392899e-04 1.010635518468916416e-03
7.873768918216228485e-04 1.720936270430684090e-04
7.848624372854828835e-04 1.001055235974490643e-03
7.839308818802237511e-04 1.760349114192649722e-04
7.814341224730014801e-04 9.915730915963649750e-04
7.805215427652001381e-04 1.799856545403599739e-04
7.780494634062051773e-04 9.821770945563912392e-04
7.771549862809479237e-04 1.839656761148944497e-04
7.746933843009173870e-04 9.728816803544759750e-04
7.738247513771057129e-04 1.879712363006547093e-04
7.713862578384578228e-04 9.636896429583430290e-04
7.705487078055739403e-04 1.920116919791325927e-04
7.681351853534579277e-04 9.545964421704411507e-04
7.673116051591932774e-04 1.960683875950053334e-04
7.649185135960578918e-04 9.455903782509267330e-04
7.641128613613545895e-04 2.001405227929353714e-04
7.617236697115004063e-04 9.366452577523887157e-04
7.609265157952904701e-04 2.042170235654339194e-04
7.585460552945733070e-04 9.277716744691133499e-04
7.577628130093216896e-04 2.083139697788283229e-04
7.554088952019810677e-04 9.190017590299248695e-04
7.546513224951922894e-04 2.124411839758977294e-04
7.523132953792810440e-04 9.103274205699563026e-04
7.515792385675013065e-04 2.165878249797970057e-04
7.492650765925645828e-04 9.017479605972766876e-04
7.485572714358568192e-04 2.207674697274342179e-04
7.462595822289586067e-04 8.932732162065804005e-04
7.455686572939157486e-04 2.249495009891688824e-04
7.432930287905037403e-04 8.848562138155102730e-04
7.426149095408618450e-04 2.291509299539029598e-04
7.403438212350010872e-04 8.765214006416499615e-04
7.396724540740251541e-04 2.333493466721847653e-04
7.374115521088242531e-04 8.682400803081691265e-04
7.367572397924959660e-04 2.375693293288350105e-04
7.345228223130106926e-04 8.600715082138776779e-04
7.338967989198863506e-04 2.418160147499293089e-04
7.316732080653309822e-04 8.519832626916468143e-04
7.310615619644522667e-04 2.460722753312438726e-04
7.288610795512795448e-04 8.439713274128735065e-04
7.282652659341692924e-04 2.503467840142548084e-04
7.260793354362249374e-04 8.360524079762399197e-04
7.255030213855206966e-04 2.546295872889459133e-04
7.233289652504026890e-04 8.282051421701908112e-04
7.227698224596679211e-04 2.589218493085354567e-04
7.206081645563244820e-04 8.204255718737840652e-04
7.200650870800018311e-04 2.632325922604650259e-04
7.179222302511334419e-04 8.127404726110398769e-04
7.173921912908554077e-04 2.675496507436037064e-04
7.152609759941697121e-04 8.051220211200416088e-04
7.147465366870164871e-04 2.718743053264915943e-04
7.126322016119956970e-04 7.975696935318410397e-04
7.121360395103693008e-04 2.762158110272139311e-04
7.100404473021626472e-04 7.901200442574918270e-04
7.095673354342579842e-04 2.805717522278428078e-04
7.074829190969467163e-04 7.827286026440560818e-04
7.070156279951334000e-04 2.849255397450178862e-04
7.049356354400515556e-04 7.753951940685510635e-04
7.044798694550991058e-04 2.892884949687868357e-04
7.024220540188252926e-04 7.681524730287492275e-04
7.019834592938423157e-04 2.936580858658999205e-04
6.999383331276476383e-04 7.609766325913369656e-04
6.995220901444554329e-04 2.980501158162951469e-04
6.974925636313855648e-04 7.538769859820604324e-04
6.970891263335943222e-04 3.024457255378365517e-04
6.950679235160350800e-04 7.468529511243104935e-04
6.946886423975229263e-04 3.068505320698022842e-04
6.926878122612833977e-04 7.399104651995003223e-04
6.923146429471671581e-04 3.112598496954888105e-04
6.903212051838636398e-04 7.330036023631691933e-04
6.899549625813961029e-04 3.156624734401702881e-04
6.879744469188153744e-04 7.261805003508925438e-04
6.876272964291274548e-04 3.200811042916029692e-04
6.856617983430624008e-04 7.194373174570500851e-04
6.853314116597175598e-04 3.245068364776670933e-04
6.833788938820362091e-04 7.127574062906205654e-04
6.830640486441552639e-04 3.289348387625068426e-04
6.811274215579032898e-04 7.061497890390455723e-04
6.808348116464912891e-04 3.333797794766724110e-04
6.789122708141803741e-04 6.996171432547271252e-04
6.786261219531297684e-04 3.378173278179019690e-04
6.767057930119335651e-04 6.931179668754339218e-04
6.764242425560951233e-04 3.422423033043742180e-04
6.745083956047892570e-04 6.866896874271333218e-04
6.742391269654035568e-04 3.466760681476444006e-04
6.723424885421991348e-04 6.803318392485380173e-04
6.720957462675869465e-04 3.511294489726424217e-04
6.702191312797367573e-04 6.740592070855200291e-04
6.699897348880767822e-04 3.555820439942181110e-04
6.681248778477311134e-04 6.678403588011860847e-04
6.679120124317705631e-04 3.600400523282587528e-04
6.660575163550674915e-04 6.616901373490691185e-04
6.658587371930480003e-04 3.644962562248110771e-04
6.640115170739591122e-04 6.555958534590899944e-04
6.638136692345142365e-04 3.689432342071086168e-04
6.619694177061319351e-04 6.495419074781239033e-04
6.617825711145997047e-04 3.733872144948691130e-04
6.599519401788711548e-04 6.435553077608346939e-04
6.597751053050160408e-04 3.778346290346235037e-04
6.579580949619412422e-04 6.376326200552284718e-04
