5.435715895146131516e-03 1.420817687176167965e-03
4.350204020738601685e-03 1.287687686271965504e-03
4.091593902558088303e-03 1.231134170666337013e-03
3.899858100339770317e-03 1.224920386448502541e-03
3.752217395231127739e-03 1.246013445779681206e-03
3.634402062743902206e-03 1.279369578696787357e-03
3.536816220730543137e-03 1.315768109634518623e-03
3.453228622674942017e-03 1.350070931948721409e-03
3.379642963409423828e-03 1.379829831421375275e-03
3.313537687063217163e-03 1.404312672093510628e-03
3.253271104767918587e-03 1.423679990693926811e-03
3.197771729901432991e-03 1.438591047190129757e-03
3.146307077258825302e-03 1.449820585548877716e-03
3.098368179053068161e-03 1.458141370676457882e-03
3.053565742447972298e-03 1.464256085455417633e-03
3.011588240042328835e-03 1.468742033466696739e-03
2.972202142700552940e-03 1.472036470659077168e-03
2.935191616415977478e-03 1.474519842304289341e-03
2.900382736697793007e-03 1.476462231948971748e-03
2.867613453418016434e-03 1.478040358051657677e-03
2.836727304384112358e-03 1.479408470913767815e-03
2.807604381814599037e-03 1.480675186030566692e-03
2.780114999040961266e-03 1.481877407059073448e-03
2.754146000370383263e-03 1.483077416196465492e-03
2.729597967118024826e-03 1.484296168200671673e-03
2.706366823986172676e-03 1.485537970438599586e-03
2.684362698346376419e-03 1.486822613514959812e-03
2.663510385900735855e-03 1.488125184550881386e-03
2.643720712512731552e-03 1.489458489231765270e-03
2.624924760311841965e-03 1.490786089561879635e-03
2.607061062008142471e-03 1.492125680670142174e-03
2.590059768408536911e-03 1.493456540629267693e-03
2.573865232989192009e-03 1.494760625064373016e-03
2.558423671871423721e-03 1.496033044531941414e-03
2.543684560805559158e-03 1.497258781455457211e-03
2.529599936679005623e-03 1.498438185080885887e-03
2.516126725822687149e-03 1.499544596299529076e-03
2.503220457583665848e-03 1.500571379438042641e-03
2.490852493792772293e-03 1.501514925621449947e-03
2.478980226442217827e-03 1.502392464317381382e-03
2.467565005645155907e-03 1.503162086009979248e-03
2.456590766087174416e-03 1.503843232057988644e-03
2.446021419018507004e-03 1.504421932622790337e-03
2.435832750052213669e-03 1.504896441474556923e-03
2.425997983664274216e-03 1.505259773693978786e-03
2.416489180177450180e-03 1.505502965301275253e-03
2.407297957688570023e-03 1.505648251622915268e-03
2.398390322923660278e-03 1.505664782598614693e-03
2.389759523794054985e-03 1.505564898252487183e-03
2.381386002525687218e-03 1.505355583503842354e-03
2.373246010392904282e-03 1.505031832493841648e-03
2.365325111895799637e-03 1.504572457633912563e-03
2.357620745897293091e-03 1.504016341641545296e-03
2.350110560655593872e-03 1.503327745012938976e-03
2.342781284824013710e-03 1.502525410614907742e-03
2.335626864805817604e-03 1.501619582995772362e-03
2.328632632270455360e-03 1.500591635704040527e-03
2.321788109838962555e-03 1.499442150816321373e-03
2.315091900527477264e-03 1.498186029493808746e-03
2.308517694473266602e-03 1.496812445111572742e-03
2.302080625668168068e-03 1.495330827310681343e-03
2.295757411047816277e-03 1.493740826845169067e-03
2.289542928338050842e-03 1.492035808041691780e-03
2.283432520925998688e-03 1.490219146944582462e-03
2.277417574077844620e-03 1.488307490944862366e-03
2.271499019116163254e-03 1.486297580413520336e-03
2.265658695250749588e-03 1.484180917032063007e-03
2.259911037981510162e-03 1.481981715187430382e-03
2.254231600090861320e-03 1.479665050283074379e-03
2.248625736683607101e-03 1.477259676903486252e-03
2.243085298687219620e-03 1.474753953516483307e-03
2.237607259303331375e-03 1.472157659009099007e-03
2.232188358902931213e-03 1.469474285840988159e-03
2.226830692961812019e-03 1.466702087782323360e-03
2.221521455794572830e-03 1.463834196329116821e-03
2.216260414570569992e-03 1.460896804928779602e-03
2.211052691563963890e-03 1.457865815609693527e-03
2.205877332016825676e-03 1.454759389162063599e-03
2.200753893703222275e-03 1.451560761779546738e-03
2.195664914324879646e-03 1.448298455215990543e-03
2.190619707107543945e-03 1.444953610189259052e-03
2.185602905228734016e-03 1.441535307094454765e-03
2.180613344535231590e-03 1.438032370060682297e-03
2.175663597881793976e-03 1.434466103091835976e-03
2.170733874663710594e-03 1.430825563147664070e-03
2.165840705856680870e-03 1.427129376679658890e-03
2.160967560485005379e-03 1.423347741365432739e-03
2.156122820451855659e-03 1.419512904249131680e-03
2.151296241208910942e-03 1.415624981746077538e-03
2.146494574844837189e-03 1.411656616255640984e-03
2.141713164746761322e-03 1.407626783475279808e-03
2.136942697688937187e-03 1.403531059622764587e-03
2.132197609171271324e-03 1.399378990754485130e-03
2.127468818798661232e-03 1.395181403495371342e-03
2.122751902788877487e-03 1.390922814607620239e-03
2.118056872859597206e-03 1.386602874845266342e-03
2.113372553139925003e-03 1.382236951030790806e-03
2.108694287016987801e-03 1.377814332954585552e-03
2.104040933772921562e-03 1.373345963656902313e-03
2.099391538649797440e-03 1.368815894238650799e-03
2.094763796776533127e-03 1.364252762869000435e-03
2.090125810354948044e-03 1.359626650810241699e-03
2.085518557578325272e-03 1.354961073957383633e-03
2.080906182527542114e-03 1.350252889096736908e-03
2.076311502605676651e-03 1.345493481494486332e-03
2.071721013635396957e-03 1.340683782473206520e-03
2.067137043923139572e-03 1.335845561698079109e-03
2.062560757622122765e-03 1.330963918007910252e-03
2.057994483038783073e-03 1.326040714047849178e-03
2.053432399407029152e-03 1.321072108112275600e-03
2.048880094662308693e-03 1.316060894168913364e-03
2.044325228780508041e-03 1.311015919782221317e-03
2.039780374616384506e-03 1.305939978919923306e-03
2.035239245742559433e-03 1.300818985328078270e-03
2.030710456892848015e-03 1.295665861107409000e-03
2.026171889156103134e-03 1.290471642278134823e-03
2.021647291257977486e-03 1.285265781916677952e-03
2.017119899392127991e-03 1.280007651075720787e-03
2.012602984905242920e-03 1.274720765650272369e-03
2.008084673434495926e-03 1.269403495825827122e-03
2.003576606512069702e-03 1.264051767066121101e-03
1.999058295041322708e-03 1.258674776181578636e-03
1.994556048884987831e-03 1.253259950317442417e-03
1.990050775930285454e-03 1.247821142897009850e-03
1.985542941838502884e-03 1.242344616912305355e-03
1.981043955311179161e-03 1.236865995451807976e-03
1.976544968783855438e-03 1.231335918419063091e-03
1.972049009054899216e-03 1.225792104378342628e-03
1.967551419511437416e-03 1.220213831402361393e-03
1.963060814887285233e-03 1.214615767821669579e-03
1.958565320819616318e-03 1.208992209285497665e-03
1.954077044501900673e-03 1.203353051096200943e-03
1.949583529494702816e-03 1.197683857753872871e-03
1.945100375451147556e-03 1.191985094919800758e-03
1.940608024597167969e-03 1.186271896585822105e-03
1.936125918291509151e-03 1.180532504804432392e-03
1.931638806127011776e-03 1.174785778857767582e-03
1.927158562466502190e-03 1.169000752270221710e-03
1.922674826346337795e-03 1.163204084150493145e-03
1.918191788718104362e-03 1.157394610345363617e-03
1.913710264489054680e-03 1.151559874415397644e-03
1.909231767058372498e-03 1.145714661106467247e-03
1.904756412841379642e-03 1.139840343967080116e-03
1.900278381071984768e-03 1.133954850956797600e-03
1.895799068734049797e-03 1.128054340369999409e-03
1.891323598101735115e-03 1.122137648053467274e-03
1.886841491796076298e-03 1.116197207011282444e-03
1.882366836071014404e-03 1.110253622755408287e-03
1.877898583188652992e-03 1.104288036003708839e-03
1.873422646895051003e-03 1.098306151106953621e-03
1.868947991169989109e-03 1.092312391847372055e-03
1.864480436779558659e-03 1.086309086531400681e-03
1.860006479546427727e-03 1.080300426110625267e-03
1.855540671385824680e-03 1.074260566383600235e-03
1.851071254350244999e-03 1.068227225914597511e-03
1.846603816375136375e-03 1.062167109921574593e-03
1.842138706706464291e-03 1.056111184880137444e-03
1.837677089497447014e-03 1.050043618306517601e-03
1.833211281336843967e-03 1.043961965478956699e-03
1.828744076192378998e-03 1.037875888869166374e-03
1.824287464842200279e-03 1.031774794682860374e-03
1.819831086322665215e-03 1.025671954266726971e-03
1.815374009311199188e-03 1.019563293084502220e-03
1.810912275686860085e-03 1.013430883176624775e-03
1.806464279070496559e-03 1.007305574603378773e-03
1.802010228857398033e-03 1.001171069219708443e-03
1.797560835257172585e-03 9.950327221304178238e-04
1.793111907318234444e-03 9.888865752145648003e-04
1.788668567314743996e-03 9.827356552705168724e-04
1.784229301847517490e-03 9.765855502337217331e-04
1.779785612598061562e-03 9.704250842332839966e-04
1.775346696376800537e-03 9.642621735110878944e-04
1.770913600921630859e-03 9.581058402545750141e-04
1.766478409990668297e-03 9.519368177279829979e-04
1.762051833793520927e-03 9.457683190703392029e-04
1.757624326273798943e-03 9.395975503139197826e-04
1.753197284415364265e-03 9.334193309769034386e-04
1.748785027302801609e-03 9.272450697608292103e-04
1.744364737533032894e-03 9.210781427100300789e-04
1.739956671372056007e-03 9.149098768830299377e-04
1.735546626150608063e-03 9.087448124773800373e-04
1.731141703203320503e-03 9.025828912854194641e-04
1.726744463667273521e-03 8.964108419604599476e-04
1.722349436022341251e-03 8.902538684196770191e-04
1.717961044050753117e-03 8.840995142236351967e-04
1.713575562462210655e-03 8.779289200901985168e-04
1.709188683889806271e-03 8.717884193174540997e-04
1.704816473647952080e-03 8.656433783471584320e-04
1.700451015494763851e-03 8.594980463385581970e-04
1.696083694696426392e-03 8.533623185940086842e-04
1.691722543910145760e-03 8.472301997244358063e-04
1.687369891442358494e-03 8.411157177761197090e-04
1.683023758232593536e-03 8.350004209205508232e-04
1.678682630881667137e-03 8.288897806778550148e-04
1.674353494308888912e-03 8.227879879996180534e-04
1.670025289058685303e-03 8.167061023414134979e-04
1.665704301558434963e-03 8.106194436550140381e-04
1.661389484070241451e-03 8.045459398999810219e-04
1.657086191698908806e-03 7.984818075783550739e-04
1.652789884246885777e-03 7.924330420792102814e-04
1.648499979637563229e-03 7.863940554670989513e-04
1.644216245040297508e-03 7.803644402883946896e-04
1.639944268390536308e-03 7.743467576801776886e-04
1.635678112506866455e-03 7.683389121666550636e-04
1.631422201171517372e-03 7.623531273566186428e-04
1.627177000045776367e-03 7.563770632259547710e-04
1.622934476472437382e-03 7.504068780690431595e-04
1.618706388399004936e-03 7.444607326760888100e-04
1.614488079212605953e-03 7.385312928818166256e-04
1.610278384760022163e-03 7.326173363253474236e-04
1.606076606549322605e-03 7.267189794220030308e-04
1.601882046088576317e-03 7.208351162262260914e-04
1.597714261151850224e-03 7.149715092964470387e-04
1.593539142049849033e-03 7.091217557899653912e-04
1.589380903169512749e-03 7.032930734567344189e-04
1.585241057910025120e-03 6.974757416173815727e-04
1.581103890202939510e-03 6.916831480339169502e-04
1.576979411765933037e-03 6.859136628918349743e-04
1.572859822772443295e-03 6.801627459935843945e-04
1.568763284012675285e-03 6.744325510226190090e-04
1.564672915264964104e-03 6.687245331704616547e-04
1.560602104291319847e-03 6.630377611145377159e-04
1.556532923132181168e-03 6.573655409738421440e-04
1.552484463900327682e-03 6.517225992865860462e-04
1.548453932628035545e-03 6.461031152866780758e-04
1.544422702863812447e-03 6.405141903087496758e-04
1.540408236905932426e-03 6.349366740323603153e-04
1.536416122689843178e-03 6.293897749856114388e-04
1.532425172626972198e-03 6.238642381504178047e-04
1.528459368273615837e-03 6.183703662827610970e-04
1.524497405625879765e-03 6.128962850198149681e-04
1.520557678304612637e-03 6.074532284401357174e-04
1.516625401563942432e-03 6.020378204993903637e-04
1.512713031843304634e-03 5.966442404314875603e-04
1.508812652900815010e-03 5.912792985327541828e-04
1.504927175119519234e-03 5.859445082023739815e-04
1.501060905866324902e-03 5.806375411339104176e-04
1.497206976637244225e-03 5.753586301580071449e-04
1.493363408371806145e-03 5.701082991436123848e-04
1.489541959017515182e-03 5.648867227137088776e-04
1.485733431763947010e-03 5.596989649347960949e-04
1.481940038502216339e-03 5.545464227907359600e-04
1.478162361308932304e-03 5.494103534147143364e-04
1.474397373385727406e-03 5.443125264719128609e-04
1.470648217946290970e-03 5.392407765612006187e-04
1.466917805373668671e-03 5.342112854123115540e-04
1.463205553591251373e-03 5.292086862027645111e-04
1.459501218050718307e-03 5.242354236543178558e-04
1.455819583497941494e-03 5.192995886318385601e-04
1.452148891985416412e-03 5.143899470567703247e-04
1.448501599952578545e-03 5.095180822536349297e-04
1.444862107746303082e-03 5.046816659159958363e-04
1.441242173314094543e-03 4.998830845579504967e-04
1.437636441551148891e-03 4.951078444719314575e-04
1.434047357179224491e-03 4.903731169179081917e-04
1.430479111149907112e-03 4.856694431509822607e-04
1.426919130608439445e-03 4.810037207789719105e-04
1.423379522748291492e-03 4.763698088936507702e-04
1.419856329448521137e-03 4.717762640211731195e-04
1.416346407495439053e-03 4.672124923672527075e-04
1.412861282005906105e-03 4.626873997040092945e-04
1.409376272931694984e-03 4.581967368721961975e-04
1.405914546921849251e-03 4.537426284514367580e-04
1.402470516040921211e-03 4.493232700042426586e-04
1.399037661030888557e-03 4.449462867341935635e-04
1.395621569827198982e-03 4.406043444760143757e-04
1.392218749970197678e-03 4.362945328466594219e-04
1.388835837133228779e-03 4.320240695960819721e-04
1.385465031489729881e-03 4.277886764612048864e-04
1.382102491334080696e-03 4.235959495417773724e-04
1.378757413476705551e-03 4.194348584860563278e-04
1.375438412651419640e-03 4.153170739300549030e-04
1.372116501443088055e-03 4.112292954232543707e-04
1.368817640468478203e-03 4.071833100169897079e-04
1.365524949505925179e-03 4.031692515127360821e-04
1.362254261039197445e-03 3.991994599346071482e-04
1.358986482955515385e-03 3.952669794671237469e-04
1.355736167170107365e-03 3.913691325578838587e-04
1.352496678009629250e-03 3.875081019941717386e-04
1.349267549812793732e-03 3.836881951428949833e-04
1.346054370515048504e-03 3.799051046371459961e-04
1.342851668596267700e-03 3.761604893952608109e-04
1.339653739705681801e-03 3.724526031874120235e-04
1.336474320851266384e-03 3.687826974783092737e-04
1.333295018412172794e-03 3.651545266620814800e-04
1.330129103735089302e-03 3.615592722781002522e-04
1.326974714174866676e-03 3.580005723051726818e-04
1.323823467828333378e-03 3.544864594005048275e-04
1.320681418292224407e-03 3.510072710923850536e-04
1.317547517828643322e-03 3.475665580481290817e-04
1.314413966611027718e-03 3.441607696004211903e-04
1.311289262957870960e-03 3.408011398278176785e-04
1.308170380070805550e-03 3.374739317223429680e-04
1.305055338889360428e-03 3.341836563777178526e-04
1.301943324506282806e-03 3.309350577183067799e-04
1.298828050494194031e-03 3.277207142673432827e-04
1.295725000090897083e-03 3.245504922233521938e-04
1.292616827413439751e-03 3.214197349734604359e-04
1.289501320570707321e-03 3.183284716214984655e-04
1.286392332985997200e-03 3.152741701342165470e-04
1.283279503695666790e-03 3.122584312222898006e-04
1.280158408917486668e-03 3.092799452133476734e-04
1.277032191865146160e-03 3.063481417484581470e-04
1.273900270462036133e-03 3.034534747712314129e-04
1.270762644708156586e-03 3.006001352332532406e-04
1.267606625333428383e-03 2.977873373311012983e-04
1.264451420865952969e-03 2.950187772512435913e-04
1.261263620108366013e-03 2.922931744251400232e-04
1.258077216334640980e-03 2.896096266340464354e-04
1.254863338544964790e-03 2.869721502065658569e-04
1.251634443178772926e-03 2.843770198523998260e-04
1.248378655873239040e-03 2.818302309606224298e-04
1.245100749656558037e-03 2.793325693346560001e-04
1.241794205270707607e-03 2.768829872366040945e-04
1.238454948179423809e-03 2.744871308095753193e-04
1.235077041201293468e-03 2.721467462833970785e-04
1.231642905622720718e-03 2.698632015381008387e-04
1.228180830366909504e-03 2.676380681805312634e-04
1.224666135385632515e-03 2.654801937751471996e-04
1.221096725203096867e-03 2.633915573824197054e-04
1.217450597323477268e-03 2.613802789710462093e-04
1.213730429299175739e-03 2.594483084976673126e-04
1.209921087138354778e-03 2.576072583906352520e-04
1.206029090099036694e-03 2.558669948484748602e-04
1.202017301693558693e-03 2.542426227591931820e-04
1.197896199300885201e-03 2.527443575672805309e-04
1.193616306409239769e-03 2.513995859771966934e-04
1.189175294712185860e-03 2.502304560039192438e-04
1.184520078822970390e-03 2.492782950866967440e-04
1.179620972834527493e-03 2.485952863935381174e-04
1.174421049654483795e-03 2.482428099028766155e-04
1.168833230622112751e-03 2.483301796019077301e-04
1.162779866717755795e-03 2.490023325663059950e-04
1.156050479039549828e-03 2.505228912923485041e-04
1.148408278822898865e-03 2.533114457037299871e-04
1.139357918873429298e-03 2.582175657153129578e-04
1.127989613451063633e-03 2.670681569725275040e-04
1.112216617912054062e-03 2.847837458830326796e-04
1.085924450308084488e-03 3.296984359622001648e-04
1.023717457428574562e-03 5.175884580239653587e-04
8.245504577644169331e-04 1.086641219444572926e-03
6.894270190969109535e-04 1.101332949474453926e-03
1.693833619356155396e-03 1.766246277838945389e-04
1.174816512502729893e-03 2.020588435698300600e-04
1.162255648523569107e-03 2.168659411836415529e-04
1.133002573624253273e-03 2.350764407310634851e-04
1.098735374398529530e-03 2.717414754442870617e-04
1.037205220200121403e-03 4.102161037735641003e-04
8.327340474352240562e-04 1.087990822270512581e-03
6.935810670256614685e-04 1.590101397596299648e-03
1.725415117107331753e-03 1.737330603646114469e-04
1.144927227869629860e-03 2.030812029261142015e-04
1.114740851335227489e-03 2.317470789421349764e-04
1.060269889421761036e-03 3.152244025841355324e-04
9.038212010636925697e-04 9.091480751521885395e-04
7.455635932274162769e-04 1.911700528580695391e-04
1.532937167212367058e-03 1.682397269178181887e-04
1.165476860478520393e-03 1.879388291854411364e-04
1.109791570343077183e-03 2.228657976957038045e-04
1.043210970237851143e-03 3.329413884785026312e-04
8.371675503440201283e-04 1.071234932169318199e-03
7.201117696240544319e-04 3.059346927329897881e-03
1.657057786360383034e-03 1.559242373332381248e-04
1.122821704484522343e-03 1.939438807312399149e-04
1.072058104909956455e-03 2.550283679738640785e-04
9.428792400285601616e-04 6.694576004520058632e-04
7.765538757666945457e-04 3.531239053700119257e-04
1.487978850491344929e-03 1.676642714301124215e-04
1.126279821619391441e-03 1.826215302571654320e-04
1.060953014530241489e-03 2.577227132860571146e-04
9.019064018502831459e-04 8.232285035774111748e-04
7.055745227262377739e-04 1.707501942291855812e-04
1.445833710022270679e-03 1.558515214128419757e-04
1.114519545808434486e-03 1.992269826587289572e-04
9.804938454180955887e-04 4.538694338407367468e-04
7.916407776065170765e-04 4.858656902797520161e-04
1.460059545934200287e-03 1.682783768046647310e-04
1.095658401027321815e-03 1.815434952732175589e-04
1.012299675494432449e-03 3.338503302074968815e-04
7.713523227721452713e-04 8.581116562709212303e-04
1.475235796533524990e-03 1.660324924159795046e-04
1.093251514248549938e-03 1.761292078299447894e-04
1.016056397929787636e-03 3.130241238977760077e-04
7.698863046243786812e-04 9.094738634303212166e-04
1.470243907533586025e-03 1.628926111152395606e-04
1.086254022084176540e-03 1.749834627844393253e-04
1.000421820208430290e-03 3.420937864575535059e-04
7.665137527510523796e-04 7.126695127226412296e-04
1.469366601668298244e-03 1.682689035078510642e-04
1.072003156878054142e-03 1.803511549951508641e-04
9.609142434783279896e-04 4.581619577948004007e-04
7.767888018861413002e-04 4.028638359159231186e-04
1.444673864170908928e-03 1.509195426478981972e-04
1.069470657967031002e-03 1.854522852227091789e-04
9.211230790242552757e-04 6.098140147514641285e-04
6.812014617025852203e-04 1.323377073276787996e-04
1.464000670239329338e-03 1.317813585046678782e-04
1.080750836990773678e-03 1.883840741356834769e-04
8.836708730086684227e-04 7.638649549335241318e-04
9.993419516831636429e-04 5.497260717675089836e-04
6.611301214434206486e-04 1.105794915929436684e-03
1.524911494925618172e-03 1.482548541389405727e-04
1.050864811986684799e-03 1.826509396778419614e-04
8.857141947373747826e-04 7.282522274181246758e-04
1.139320549555122852e-03 1.399240863975137472e-04
8.307578973472118378e-04 7.834566058591008186e-04
1.154253957793116570e-03 1.355069689452648163e-04
8.262402261607348919e-04 7.889550179243087769e-04
1.276891794987022877e-03 1.261222350876778364e-04
9.583201026543974876e-04 2.585443144198507071e-04
7.378952577710151672e-04 9.244354441761970520e-04
1.460593310184776783e-03 1.557164068799465895e-04
1.010153908282518387e-03 2.114966773660853505e-04
7.577333599328994751e-04 1.039975089952349663e-03
1.439436920918524265e-03 1.607676385901868343e-04
1.003081677481532097e-03 2.157164271920919418e-04
7.484151283279061317e-04 9.945994243025779724e-04
1.445963280275464058e-03 1.596728106960654259e-04
9.941821917891502380e-04 2.268149983137845993e-04
7.390561513602733612e-04 8.950657211244106293e-04
1.452288590371608734e-03 1.553526817588135600e-04
9.862410370260477066e-04 2.392535097897052765e-04
7.365510100498795509e-04 7.850260590203106403e-04
1.451282878406345844e-03 1.498706114944070578e-04
9.798575192689895630e-04 2.515096275601536036e-04
7.385553326457738876e-04 6.876519182696938515e-04
1.445215195417404175e-03 1.444796071154996753e-04
9.746244177222251892e-04 2.636125427670776844e-04
7.428157841786742210e-04 6.042603054083883762e-04
1.436564023606479168e-03 1.396086154272779822e-04
9.697303175926208496e-04 2.764212840702384710e-04
7.479413179680705070e-04 5.304642254486680031e-04
1.426880597136914730e-03 1.352709950879216194e-04
9.647663682699203491e-04 2.903147542383521795e-04
7.521004881709814072e-04 4.654937074519693851e-04
1.417868770658969879e-03 1.314240653300657868e-04
9.594428120180964470e-04 3.053089603781700134e-04
7.525153923779726028e-04 4.094020114280283451e-04
1.411621342413127422e-03 1.279166026506572962e-04
9.538430604152381420e-04 3.207137342542409897e-04
7.456491002812981606e-04 3.616864269133657217e-04
1.410493510775268078e-03 1.245107268914580345e-04
9.483997710049152374e-04 3.350722545292228460e-04
7.291938527487218380e-04 3.174633602611720562e-04
1.415569451637566090e-03 1.209326001117005944e-04
9.438566630706191063e-04 3.466192283667623997e-04
7.050215499475598335e-04 2.695118892006576061e-04
1.424791407771408558e-03 1.170271061710081995e-04
9.405078599229454994e-04 3.551946429070085287e-04
6.759470561519265175e-04 2.106797910528257489e-04
1.434647710993885994e-03 1.125497656175866723e-04
9.385901503264904022e-04 3.611523134168237448e-04
6.432277150452136993e-04 1.416338636772707105e-04
1.439757295884191990e-03 1.070131547749042511e-04
9.383459691889584064e-04 3.656642511487007141e-04
6.029545911587774754e-04 1.197689707623794675e-04
1.389436423778533936e-03 1.041596624418161809e-04
8.996475371532142162e-04 5.198448197916150093e-04
1.277804491110146046e-03 1.567960425745695829e-04
8.134323870763182640e-04 7.458798936568200588e-04
1.310990424826741219e-03 1.604330755071714520e-04
8.127255132421851158e-04 7.473138393834233284e-04
1.311437925323843956e-03 1.600975665496662259e-04
8.080285042524337769e-04 7.695967797189950943e-04
1.315693953074514866e-03 1.595931389601901174e-04
8.049993775784969330e-04 7.826678338460624218e-04
1.317996415309607983e-03 1.591791369719430804e-04
8.016492938622832298e-04 7.963365642353892326e-04
1.320368959568440914e-03 1.588074082974344492e-04
7.983837276697158813e-04 8.091603522188961506e-04
1.322596915997564793e-03 1.584722922416403890e-04
7.951474981382489204e-04 8.215054986067116261e-04
1.324784127064049244e-03 1.581503311172127724e-04
7.919915951788425446e-04 8.331972057931125164e-04
1.326872268691658974e-03 1.578442897880449891e-04
7.888884283602237701e-04 8.443276165053248405e-04
1.328899525105953217e-03 1.575486676301807165e-04
7.858240278437733650e-04 8.549970807507634163e-04
1.330881146714091301e-03 1.572620822116732597e-04
7.828447269275784492e-04 8.650507079437375069e-04
1.332778600044548512e-03 1.569758460391312838e-04
7.798910955898463726e-04 8.747273823246359825e-04
1.334637636318802834e-03 1.567038270877674222e-04
7.770337397232651711e-04 8.837609784677624702e-04
1.336396904662251472e-03 1.564239646540954709e-04
7.742162561044096947e-04 8.923764107748866081e-04
1.338111469522118568e-03 1.561542449053376913e-04
7.714549428783357143e-04 9.005368920043110847e-04
1.339763170108199120e-03 1.558858493808656931e-04
7.687733741477131844e-04 9.081301977857947350e-04
1.341336290352046490e-03 1.556222123326733708e-04
7.661330746486783028e-04 9.153693099506199360e-04
1.342865522019565105e-03 1.553590700495988131e-04
7.635577348992228508e-04 9.221683139912784100e-04
1.344337826594710350e-03 1.550967863295227289e-04
7.610025932081043720e-04 9.286579443141818047e-04
1.345776952803134918e-03 1.548357831779867411e-04
7.585248094983398914e-04 9.346784790977835655e-04
1.347134355455636978e-03 1.545782870380207896e-04
7.561093661934137344e-04 9.402466239407658577e-04
1.348436810076236725e-03 1.543318940093740821e-04
7.536889170296490192e-04 9.456983534619212151e-04
1.349740778096020222e-03 1.540689409011974931e-04
7.513921591453254223e-04 9.504932677373290062e-04
1.350922742858529091e-03 1.538195792818441987e-04
7.490877760574221611e-04 9.551695547997951508e-04
1.352112856693565845e-03 1.535716874059289694e-04
7.468488765880465508e-04 9.594514849595725536e-04
1.353236613795161247e-03 1.533228496555238962e-04
7.446605013683438301e-04 9.634120506234467030e-04
1.354316831566393375e-03 1.530755107523873448e-04
7.425163639709353447e-04 9.670203435234725475e-04
1.355347223579883575e-03 1.528409920865669847e-04
7.404005737043917179e-04 9.704284602776169777e-04
1.356355147436261177e-03 1.525970001239329576e-04
7.383289048448204994e-04 9.735643980093300343e-04
1.357322093099355698e-03 1.523684186395257711e-04
7.363390759564936161e-04 9.763116249814629555e-04
1.358204870484769344e-03 1.521322410553693771e-04
7.343532051891088486e-04 9.788440074771642685e-04
1.359087531454861164e-03 1.518963981652632356e-04
7.324157049879431725e-04 9.811682393774390221e-04
1.359928632155060768e-03 1.516573538538068533e-04
7.305113831534981728e-04 9.832446230575442314e-04
1.360738649964332581e-03 1.514346076874062419e-04
7.286530453711748123e-04 9.851014474406838417e-04
1.361506758257746696e-03 1.512188755441457033e-04
7.268080371432006359e-04 9.867387125268578529e-04
1.362260198220610619e-03 1.509953726781532168e-04
7.250330527313053608e-04 9.881048463284969330e-04
1.362943905405700207e-03 1.507736451458185911e-04
7.232587668113410473e-04 9.894063696265220642e-04
1.363635994493961334e-03 1.505571563029661775e-04
7.215247023850679398e-04 9.904273319989442825e-04
1.364283612929284573e-03 1.503456442151218653e-04
7.198390667326748371e-04 9.912459645420312881e-04
1.364893978461623192e-03 1.501349470345303416e-04
7.181827677413821220e-04 9.918985888361930847e-04
1.365476986393332481e-03 1.499293430242687464e-04
7.165824063122272491e-04 9.922834578901529312e-04
1.366008538752794266e-03 1.497287012171000242e-04
7.149635930545628071e-04 9.926524944603443146e-04
1.366565935313701630e-03 1.495242177043110132e-04
7.134205661714076996e-04 9.927576174959540367e-04
1.367048127576708794e-03 1.493335876148194075e-04
7.118611829355359077e-04 9.927921928465366364e-04
1.367543591186404228e-03 1.491326256655156612e-04
7.103677489794790745e-04 9.926415514200925827e-04
1.367979682981967926e-03 1.489428395871073008e-04
7.089061546139419079e-04 9.923167526721954346e-04
1.368395751342177391e-03 1.487615809310227633e-04
7.074579480104148388e-04 9.918758878484368324e-04
1.368795521557331085e-03 1.485724642407149076e-04
7.060368661768734455e-04 9.913060348480939865e-04
1.369169680401682854e-03 1.483960222685709596e-04
7.046294631436467171e-04 9.906297782436013222e-04
1.369540346786379814e-03 1.482105872128158808e-04
7.032795110717415810e-04 9.898213902488350868e-04
1.369853853248059750e-03 1.480364880990236998e-04
7.019258337095379829e-04 9.888948407024145126e-04
1.370175974443554878e-03 1.478616904933005571e-04
7.006095838733017445e-04 9.878764394670724869e-04
1.370463636703789234e-03 1.476960314903408289e-04
6.993073038756847382e-04 9.867714252322912216e-04
1.370741752907633781e-03 1.475227618357166648e-04
6.980541511438786983e-04 9.854829404503107071e-04
1.370974467135965824e-03 1.473532029194757342e-04
6.968190427869558334e-04 9.841946884989738464e-04
1.371193677186965942e-03 1.471975119784474373e-04
6.956135039217770100e-04 9.827143512666225433e-04
1.371390302665531635e-03 1.470370189053937793e-04
6.943886983208358288e-04 9.812364587560296059e-04
1.371604506857693195e-03 1.468838454456999898e-04
6.932216929271817207e-04 9.796314407140016556e-04
1.371767139062285423e-03 1.467287656851112843e-04
6.920619634911417961e-04 9.779572719708085060e-04
1.371920807287096977e-03 1.465812529204413295e-04
6.909329094924032688e-04 9.762226836755871773e-04
1.372053287923336029e-03 1.464376255171373487e-04
6.898264400660991669e-04 9.743850678205490112e-04
1.372169004753232002e-03 1.462893706047907472e-04
6.887222407385706902e-04 9.725072304718196392e-04
1.372282160446047783e-03 1.461378415115177631e-04
6.876343977637588978e-04 9.705690899863839149e-04
1.372379949316382408e-03 1.459961204091086984e-04
6.866051116958260536e-04 9.685558034107089043e-04
1.372428145259618759e-03 1.458645419916138053e-04
6.855417159385979176e-04 9.665259858593344688e-04
1.372509868815541267e-03 1.457263424526900053e-04
6.845403695479035378e-04 9.643484954722225666e-04
1.372536760754883289e-03 1.455918245483189821e-04
6.835269159637391567e-04 9.621799690648913383e-04
1.372574944980442524e-03 1.454685843782499433e-04
6.825640448369085789e-04 9.599502081982791424e-04
1.372569706290960312e-03 1.453380828024819493e-04
6.815959350205957890e-04 9.577089222148060799e-04
1.372570288367569447e-03 1.452055003028362989e-04
6.806470337323844433e-04 9.553688578307628632e-04
1.372559810988605022e-03 1.450878044124692678e-04
6.797178066335618496e-04 9.530077804811298847e-04
1.372532104142010212e-03 1.449635747121647000e-04
6.788054597564041615e-04 9.506467613391578197e-04
1.372484141029417515e-03 1.448469411116093397e-04
6.778977112844586372e-04 9.481873130425810814e-04
1.372439670376479626e-03 1.447296672267839313e-04
6.769933970645070076e-04 9.457468986511230469e-04
1.372392522171139717e-03 1.446066889911890030e-04
6.761458935216069221e-04 9.432418155483901501e-04
1.372295198962092400e-03 1.444911613361909986e-04
6.752784829586744308e-04 9.407627512700855732e-04
1.372216385789215565e-03 1.443837099941447377e-04
6.744327256456017494e-04 9.381814161315560341e-04
1.372120808809995651e-03 1.442707434762269258e-04
6.736147333867847919e-04 9.356218506582081318e-04
1.372001715935766697e-03 1.441630447516217828e-04
6.727927247993648052e-04 9.330241009593009949e-04
1.371887628920376301e-03 1.440509222447872162e-04
6.719894008710980415e-04 9.304286795668303967e-04
1.371755846776068211e-03 1.439473999198526144e-04
6.712081376463174820e-04 9.277565404772758484e-04
1.371612073853611946e-03 1.438450708519667387e-04
6.704196566715836525e-04 9.251305600628256798e-04
1.371469697915017605e-03 1.437404716853052378e-04
6.696737254969775677e-04 9.224825771525502205e-04
1.371294842101633549e-03 1.436416350770741701e-04
6.689124274998903275e-04 9.197556646540760994e-04
1.371130929328501225e-03 1.435389858670532703e-04
6.681706872768700123e-04 9.170517441816627979e-04
1.370954210869967937e-03 1.434426812920719385e-04
6.674568285234272480e-04 9.143445640802383423e-04
1.370753045193850994e-03 1.433428114978596568e-04
6.667202105745673180e-04 9.115984430536627769e-04
1.370579353533685207e-03 1.432515564374625683e-04
6.660261424258351326e-04 9.088908554986119270e-04
1.370359444990754128e-03 1.431626442354172468e-04
6.653378368355333805e-04 9.060950833372771740e-04
1.370140002109110355e-03 1.430723350495100021e-04
6.646430119872093201e-04 9.034235845319926739e-04
1.369928475469350815e-03 1.429846743121743202e-04
6.639609928242862225e-04 9.006552281789481640e-04
1.369704608805477619e-03 1.428882096661254764e-04
6.632929434999823570e-04 8.979123085737228394e-04
1.369472243823111057e-03 1.427959214197471738e-04
6.626483518630266190e-04 8.951934869401156902e-04
1.369213685393333435e-03 1.427191455150023103e-04
6.620016065426170826e-04 8.923641289584338665e-04
1.368968863971531391e-03 1.426324743079021573e-04
6.613630685023963451e-04 8.896267972886562347e-04
1.368711236864328384e-03 1.425499358447268605e-04
6.607318064197897911e-04 8.868618751876056194e-04
1.368449185974895954e-03 1.424630172550678253e-04
6.601220229640603065e-04 8.841120870783925056e-04
1.368169090710580349e-03 1.423805806552991271e-04
6.595136946998536587e-04 8.813355234451591969e-04
1.367890043184161186e-03 1.423016219632700086e-04
6.589032127521932125e-04 8.786114631220698357e-04
1.367610180750489235e-03 1.422188943251967430e-04
6.583009380847215652e-04 8.758568437770009041e-04
1.367328688502311707e-03 1.421373890480026603e-04
6.577207823283970356e-04 8.731020498089492321e-04
1.367024611681699753e-03 1.420637709088623524e-04
6.571474368683993816e-04 8.703240309841930866e-04
1.366720767691731453e-03 1.419804611941799521e-04
6.565820076502859592e-04 8.676028810441493988e-04
1.366409589536488056e-03 1.419054169673472643e-04
6.560141919180750847e-04 8.648742805235087872e-04
1.366092357784509659e-03 1.418286265106871724e-04
6.554634310305118561e-04 8.621289161965250969e-04
1.365777337923645973e-03 1.417505845893174410e-04
6.549169193021953106e-04 8.594547398388385773e-04
1.365450676530599594e-03 1.416799932485446334e-04
6.543864728882908821e-04 8.567371405661106110e-04
1.365106669254601002e-03 1.416067971149459481e-04
6.538410671055316925e-04 8.539798436686396599e-04
1.364786643534898758e-03 1.415241276845335960e-04
6.532963598147034645e-04 8.513323264196515083e-04
1.364456489682197571e-03 1.414590951753780246e-04
6.527820369228720665e-04 8.486239239573478699e-04
1.364108175039291382e-03 1.413861173205077648e-04
6.522727780975401402e-04 8.459693635813891888e-04
1.363755087368190289e-03 1.413206628058105707e-04
6.517454166896641254e-04 8.432636968791484833e-04
1.363415503874421120e-03 1.412451092619448900e-04
6.512511754408478737e-04 8.406667038798332214e-04
1.363052753731608391e-03 1.411759585607796907e-04
6.507387151941657066e-04 8.379949140362441540e-04
1.362694078125059605e-03 1.411046250723302364e-04
6.502592004835605621e-04 8.353891898877918720e-04
1.362319802865386009e-03 1.410363183822482824e-04
6.497561698779463768e-04 8.327501709572970867e-04
1.361965551041066647e-03 1.409658871125429869e-04
6.492870743386447430e-04 8.301647612825036049e-04
1.361581264063715935e-03 1.409068354405462742e-04
6.487938808277249336e-04 8.275162545032799244e-04
1.361219445243477821e-03 1.408348471159115434e-04
6.483343313448131084e-04 8.249638485722243786e-04
1.360826776362955570e-03 1.407573872711509466e-04
6.478733848780393600e-04 8.224067278206348419e-04
1.360441790893673897e-03 1.406997762387618423e-04
6.473897956311702728e-04 8.198341238312423229e-04
1.360068796202540398e-03 1.406339288223534822e-04
6.469276268035173416e-04 8.173033711500465870e-04
1.359678572043776512e-03 1.405643124599009752e-04
6.464910693466663361e-04 8.147768676280975342e-04
1.359271584078669548e-03 1.404990180162712932e-04
6.460253498516976833e-04 8.122515864670276642e-04
1.358888926915824413e-03 1.404315844411030412e-04
6.455977563746273518e-04 8.097774116322398186e-04
1.358478446491062641e-03 1.403698988724499941e-04
6.451363442465662956e-04 8.072378113865852356e-04
1.358087058179080486e-03 1.402977795805782080e-04
6.447118357755243778e-04 8.048188756220042706e-04
1.357671222649514675e-03 1.402412890456616879e-04
6.442726007662713528e-04 8.023280533961951733e-04
1.357266912236809731e-03 1.401771587552502751e-04
6.438351119868457317e-04 7.998796063475310802e-04
1.356859924271702766e-03 1.401126937707886100e-04
6.434216629713773727e-04 7.974857580848038197e-04
1.356437918730080128e-03 1.400466426275670528e-04
6.430026842281222343e-04 7.950351573526859283e-04
1.356017077341675758e-03 1.399907487211748958e-04
6.425735773518681526e-04 7.925833342596888542e-04
1.355611137114465237e-03 1.399156608385965228e-04
6.421567522920668125e-04 7.902343058958649635e-04
1.355188898742198944e-03 1.398511085426434875e-04
6.417476688511669636e-04 7.878841715864837170e-04
1.354765729047358036e-03 1.397846062900498509e-04
6.413329392671585083e-04 7.855008589103817940e-04
1.354339998215436935e-03 1.397225569235160947e-04
6.409364286810159683e-04 7.831859402358531952e-04
1.353910192847251892e-03 1.396627485519275069e-04
6.405194872058928013e-04 7.808378431946039200e-04
1.353486441075801849e-03 1.395938015775755048e-04
6.401306600309908390e-04 7.785844500176608562e-04
1.353050116449594498e-03 1.395358704030513763e-04
6.397246615961194038e-04 7.762544555589556694e-04
1.352616236545145512e-03 1.394721039105206728e-04
6.393419462256133556e-04 7.739702123217284679e-04
1.352171762846410275e-03 1.394047576468437910e-04
6.389355403371155262e-04 7.717399857938289642e-04
1.351748709566891193e-03 1.393442507833242416e-04
6.385456072166562080e-04 7.694553351029753685e-04
1.351308776065707207e-03 1.392817357555031776e-04
6.381464190781116486e-04 7.671937346458435059e-04
1.350877224467694759e-03 1.392104168189689517e-04
6.377727258950471878e-04 7.650504703633487225e-04
1.350424950942397118e-03 1.391502300975844264e-04
6.373988580889999866e-04 7.628859020769596100e-04
1.349978614598512650e-03 1.390942197758704424e-04
6.370195187628269196e-04 7.606764556840062141e-04
1.349529484286904335e-03 1.390302059007808566e-04
6.366301095113158226e-04 7.584654958918690681e-04
1.349092810414731503e-03 1.389665558235719800e-04
6.362526328302919865e-04 7.563478429801762104e-04
1.348641002550721169e-03 1.389029202982783318e-04
6.358959944918751717e-04 7.541913073509931564e-04
1.348176039755344391e-03 1.388346136081963778e-04
6.355134537443518639e-04 7.520468789152801037e-04
1.347738201729953289e-03 1.387705997331067920e-04
6.351388292387127876e-04 7.499761995859444141e-04
1.347289071418344975e-03 1.387001684634014964e-04
6.347767775878310204e-04 7.478899206034839153e-04
1.346826553344726562e-03 1.386427029501646757e-04
6.344075081869959831e-04 7.458169711753726006e-04
1.346378470771014690e-03 1.385813375236466527e-04
6.340398686006665230e-04 7.437913445755839348e-04
1.345919445157051086e-03 1.385167997796088457e-04
6.336766527965664864e-04 7.416759617626667023e-04
1.345460535958409309e-03 1.384449133183807135e-04
6.333154742605984211e-04 7.396525470539927483e-04
1.345006516203284264e-03 1.383829367114230990e-04
6.329635507427155972e-04 7.377276779152452946e-04
1.344537129625678062e-03 1.383237686241045594e-04
6.325868307612836361e-04 7.356874411925673485e-04
1.344090094789862633e-03 1.382504997309297323e-04
6.322469562292098999e-04 7.337342249229550362e-04
1.343618729151785374e-03 1.381881884299218655e-04
6.318927044048905373e-04 7.317985291592776775e-04
1.343154115602374077e-03 1.381237088935449719e-04
6.315265782177448273e-04 7.298380951397120953e-04
1.342696836218237877e-03 1.380596513627097011e-04
6.311754696071147919e-04 7.279294077306985855e-04
1.342235365882515907e-03 1.379907625960186124e-04
6.308217416517436504e-04 7.260728743858635426e-04
1.341767958365380764e-03 1.379269233439117670e-04
6.304667913354933262e-04 7.241616258397698402e-04
1.341303111985325813e-03 1.378559245495125651e-04
6.301166722550988197e-04 7.222365238703787327e-04
1.340842107310891151e-03 1.377903390675783157e-04
6.297647487372159958e-04 7.203606655821204185e-04
1.340373652055859566e-03 1.377173612127080560e-04
6.294311024248600006e-04 7.185993017628788948e-04
1.339891692623496056e-03 1.376620057271793485e-04
6.290749297477304935e-04 7.166453870013356209e-04
1.339436857961118221e-03 1.375842693960294127e-04
6.287198048084974289e-04 7.148801232688128948e-04
1.338970847427845001e-03 1.375178253510966897e-04
6.283862167038023472e-04 7.130540325306355953e-04
1.338492496870458126e-03 1.374516868963837624e-04
6.280434899963438511e-04 7.112742750905454159e-04
1.338022528216242790e-03 1.373769773636013269e-04
6.277052452787756920e-04 7.095285691320896149e-04
1.337551628239452839e-03 1.373164122924208641e-04
6.273468607105314732e-04 7.077665068209171295e-04
1.337086781859397888e-03 1.372407714370638132e-04
6.270126323215663433e-04 7.060271454975008965e-04
1.336609362624585629e-03 1.371729449601843953e-04
6.266710115596652031e-04 7.042867946438491344e-04
1.336137298494577408e-03 1.371040125377476215e-04
6.263231625780463219e-04 7.025488885119557381e-04
1.335668726824223995e-03 1.370331883663311601e-04
6.259910878725349903e-04 7.008950342424213886e-04
1.335194334387779236e-03 1.369645906379446387e-04
6.256417836993932724e-04 6.991827394813299179e-04
1.334722735919058323e-03 1.368916855426505208e-04
6.253109895624220371e-04 6.975429132580757141e-04
1.334244385361671448e-03 1.368218363495543599e-04
6.249648868106305599e-04 6.958753801882266998e-04
1.333772786892950535e-03 1.367478980682790279e-04
6.246318225748836994e-04 6.942245527170598507e-04
1.333298394456505775e-03 1.366772339679300785e-04
6.242821691557765007e-04 6.926390924490988255e-04
1.332833664491772652e-03 1.366044889437034726e-04
6.239517824724316597e-04 6.910111987963318825e-04
1.332347979769110680e-03 1.365324278594926000e-04
6.236127810552716255e-04 6.893897661939263344e-04
1.331877196207642555e-03 1.364594063488766551e-04
6.232952582649886608e-04 6.878597778268158436e-04
1.331389299593865871e-03 1.363906485494226217e-04
6.229407154023647308e-04 6.861705332994461060e-04
1.330919330939650536e-03 1.363087212666869164e-04
6.226069526746869087e-04 6.846771575510501862e-04
1.330445287749171257e-03 1.362388720735907555e-04
6.222701631486415863e-04 6.831882637925446033e-04
1.329971710219979286e-03 1.361673639621585608e-04
6.219235947355628014e-04 6.816040840931236744e-04
1.329500577412545681e-03 1.360861642751842737e-04
6.215993198566138744e-04 6.800806149840354919e-04
1.329018501564860344e-03 1.360101596219465137e-04
6.212549051269888878e-04 6.785751320421695709e-04
1.328543992713093758e-03 1.359330635750666261e-04
6.209241109900176525e-04 6.771481130272150040e-04
1.328066689893603325e-03 1.358578010695055127e-04
6.205831887200474739e-04 6.756763905286788940e-04
1.327591482549905777e-03 1.357855071546509862e-04
6.202335935086011887e-04 6.741635734215378761e-04
1.327130594290792942e-03 1.357028377242386341e-04
6.199088529683649540e-04 6.727818399667739868e-04
1.326644443906843662e-03 1.356273860437795520e-04
6.195699097588658333e-04 6.713697221130132675e-04
1.326170284301042557e-03 1.355516142211854458e-04
6.192326545715332031e-04 6.699481746181845665e-04
1.325688674114644527e-03 1.354693376924842596e-04
6.189072737470269203e-04 6.685430416837334633e-04
1.325205783359706402e-03 1.353992120129987597e-04
6.185576203279197216e-04 6.670776638202369213e-04
1.324740471318364143e-03 1.353143015876412392e-04
6.182238576002418995e-04 6.657335907220840454e-04
1.324265613220632076e-03 1.352346444036811590e-04
6.178821786306798458e-04 6.644065724685788155e-04
1.323789125308394432e-03 1.351482933387160301e-04
6.175431772135198116e-04 6.630468415096402168e-04
1.323315547779202461e-03 1.350759703200310469e-04
6.172048742882907391e-04 6.617149338126182556e-04
1.322841038927435875e-03 1.349922385998070240e-04
6.168682011775672436e-04 6.604329100809991360e-04
1.322364667430520058e-03 1.349137164652347565e-04
6.165242521092295647e-04 6.591199780814349651e-04
1.321892021223902702e-03 1.348286750726401806e-04
6.161924684420228004e-04 6.577698513865470886e-04
1.321410294622182846e-03 1.347528013866394758e-04
6.158564938232302666e-04 6.565119838342070580e-04
1.320932176895439625e-03 1.346704812021926045e-04
6.155182491056621075e-04 6.552602862939238548e-04
1.320459879934787750e-03 1.345835335087031126e-04
6.151640554890036583e-04 6.539531750604510307e-04
1.319995033554732800e-03 1.345008640782907605e-04
6.148316315375268459e-04 6.527450750581920147e-04
1.319517497904598713e-03 1.344155025435611606e-04
6.144876242615282536e-04 6.515263812616467476e-04
1.319042989052832127e-03 1.343348703812807798e-04
6.141402991488575935e-04 6.503035547211766243e-04
1.318572671152651310e-03 1.342469622613862157e-04
6.137994350865483284e-04 6.491295062005519867e-04
1.318099326454102993e-03 1.341684546787291765e-04
6.134580471552908421e-04 6.478967843577265739e-04
1.317623769864439964e-03 1.340876769972965121e-04
6.131205009296536446e-04 6.467343773692846298e-04
1.317148911766707897e-03 1.339953741990029812e-04
6.127778324298560619e-04 6.455327384173870087e-04
1.316676149144768715e-03 1.339106966042891145e-04
6.124263745732605457e-04 6.443836609832942486e-04
1.316207926720380783e-03 1.338167203357443213e-04
6.120841717347502708e-04 6.432238733395934105e-04
1.315735629759728909e-03 1.337359863100573421e-04
6.117398734204471111e-04 6.421360885724425316e-04
1.315263216383755207e-03 1.336425921181216836e-04
6.113817216828465462e-04 6.409567431546747684e-04
1.314797904342412949e-03 1.335603446932509542e-04
6.110414396971464157e-04 6.398719851858913898e-04
1.314325374551117420e-03 1.334677799604833126e-04
6.106814835220575333e-04 6.388024194166064262e-04
1.313861808739602566e-03 1.333792897639796138e-04
6.103361956775188446e-04 6.377293611876666546e-04
1.313389046117663383e-03 1.332948304479941726e-04
6.099889287725090981e-04 6.366446032188832760e-04
1.312917447648942471e-03 1.332012179773300886e-04
6.096481811255216599e-04 6.355607183650135994e-04
1.312442589551210403e-03 1.331166422460228205e-04
6.092955591157078743e-04 6.345545989461243153e-04
1.311974134296178818e-03 1.330230588791891932e-04
6.089314119890332222e-04 6.334590143524110317e-04
1.311511266976594925e-03 1.329359074588865042e-04
6.085959030315279961e-04 6.324623827822506428e-04
1.311035011895000935e-03 1.328460930380970240e-04
6.082440377213060856e-04 6.314253550954163074e-04
1.310564111918210983e-03 1.327548525296151638e-04
6.078871665522456169e-04 6.304492126218974590e-04
1.310104038566350937e-03 1.326651254203170538e-04
6.075258133932948112e-04 6.294472259469330311e-04
1.309635816141963005e-03 1.325615157838910818e-04
6.071790703572332859e-04 6.284835981205105782e-04
1.309166313149034977e-03 1.324740296695381403e-04
6.068135844543576241e-04 6.274725310504436493e-04
1.308706123381853104e-03 1.323744945693761110e-04
6.064634071663022041e-04 6.265476113185286522e-04
1.308236736804246902e-03 1.322873431490734220e-04
6.061058375053107738e-04 6.256288033910095692e-04
1.307769212871789932e-03 1.321988384006544948e-04
6.057471036911010742e-04 6.246539414860308170e-04
1.307302736677229404e-03 1.320974988630041480e-04
6.053867982700467110e-04 6.237568450160324574e-04
1.306841848418116570e-03 1.320064475294202566e-04
6.050192750990390778e-04 6.228597485460340977e-04
1.306387013755738735e-03 1.319101138506084681e-04
6.046521011739969254e-04 6.219600327312946320e-04
1.305920770391821861e-03 1.318182621616870165e-04
6.042988970875740051e-04 6.210844730958342552e-04
1.305452315136790276e-03 1.317196729360148311e-04
6.039259606041014194e-04 6.201914511620998383e-04
1.304999575950205326e-03 1.316202251473441720e-04
6.035572150722146034e-04 6.193363224156200886e-04
1.304536941461265087e-03 1.315257686655968428e-04
6.032004021108150482e-04 6.185073289088904858e-04
1.304074423387646675e-03 1.314266410190612078e-04
6.028153002262115479e-04 6.176716415211558342e-04
1.303624012507498264e-03 1.313337561441585422e-04
6.024493486620485783e-04 6.168239633552730083e-04
1.303158933296799660e-03 1.312363165197893977e-04
6.020902656018733978e-04 6.159860058687627316e-04
1.302694785408675671e-03 1.311385130975395441e-04
6.017145351506769657e-04 6.151633569970726967e-04
1.302242744714021683e-03 1.310429361183196306e-04
6.013287929818034172e-04 6.143394275568425655e-04
1.301791169680655003e-03 1.309353829128667712e-04
6.009767530485987663e-04 6.135415169410407543e-04
1.301321550272405148e-03 1.308362698182463646e-04
6.005998584441840649e-04 6.128059467300772667e-04
1.300868229009211063e-03 1.307380007347092032e-04
6.002183654345571995e-04 6.120293401181697845e-04
1.300411182455718517e-03 1.306375779677182436e-04
5.998472915962338448e-04 6.112133851274847984e-04
1.299952971749007702e-03 1.305446494370698929e-04
5.994695820845663548e-04 6.105092470534145832e-04
1.299498835578560829e-03 1.304435572819784284e-04
5.990932695567607880e-04 6.097749574109911919e-04
1.299041090533137321e-03 1.303416502196341753e-04
5.987120093777775764e-04 6.090105744078755379e-04
1.298588351346552372e-03 1.302423916058614850e-04
5.983292940072715282e-04 6.082873442210257053e-04
1.298135262914001942e-03 1.301313750445842743e-04
5.979451234452426434e-04 6.075882702134549618e-04
1.297682872973382473e-03 1.300361182074993849e-04
5.975689855404198170e-04 6.069283699616789818e-04
1.297226292081177235e-03 1.299323921557515860e-04
5.971743958070874214e-04 6.062312168069183826e-04
1.296780304983258247e-03 1.298292481806129217e-04
5.967914476059377193e-04 6.055324920453131199e-04
1.296328729949891567e-03 1.297258713748306036e-04
5.963983130641281605e-04 6.048416835255920887e-04
1.295885653235018253e-03 1.296228001592680812e-04
5.960136768408119678e-04 6.042555323801934719e-04
1.295431284233927727e-03 1.295182592002674937e-04
5.956197273917496204e-04 6.035960395820438862e-04
1.294984249398112297e-03 1.294177200179547071e-04
5.952275241725146770e-04 6.029456271789968014e-04
1.294535468332469463e-03 1.293137029279023409e-04
5.948523757979273796e-04 6.023038295097649097e-04
1.294080400839447975e-03 1.292083470616489649e-04
5.944443400949239731e-04 6.016956758685410023e-04
1.293640816584229469e-03 1.291029329877346754e-04
5.940495757386088371e-04 6.010920042172074318e-04
1.293190056458115578e-03 1.289967040065675974e-04
5.936436355113983154e-04 6.004541064612567425e-04
1.292752334848046303e-03 1.288929051952436566e-04
5.932716885581612587e-04 5.999163258820772171e-04
1.292292261496186256e-03 1.287868508370593190e-04
5.928614409640431404e-04 5.993352388031780720e-04
1.291855820454657078e-03 1.286841288674622774e-04
5.924517172388732433e-04 5.987602053210139275e-04
1.291416818276047707e-03 1.285722682951018214e-04
5.920471739955246449e-04 5.982195143587887287e-04
1.290975371375679970e-03 1.284697791561484337e-04
5.916383233852684498e-04 5.976427928544580936e-04
1.290535437874495983e-03 1.283619203604757786e-04
5.912525230087339878e-04 5.971021600998938084e-04
1.290082233026623726e-03 1.282549492316320539e-04
5.908469902351498604e-04 5.965700256638228893e-04
1.289640320464968681e-03 1.281458244193345308e-04
5.904336576350033283e-04 5.960725247859954834e-04
1.289204694330692291e-03 1.280427677556872368e-04
5.900334217585623264e-04 5.955459782853722572e-04
1.288756378926336765e-03 1.279314019484445453e-04
5.896142683923244476e-04 5.950344493612647057e-04
1.288322499021887779e-03 1.278211566386744380e-04
5.892039625905454159e-04 5.945531884208321571e-04
1.287886756472289562e-03 1.277153205592185259e-04
5.887801526114344597e-04 5.940675619058310986e-04
1.287453109398484230e-03 1.276032708119601011e-04
5.883561098016798496e-04 5.936200614087283611e-04
1.287020277231931686e-03 1.274888345506042242e-04
5.879454547539353371e-04 5.931509076617658138e-04
1.286579412408173084e-03 1.273823727387934923e-04
5.875391070730984211e-04 5.926880985498428345e-04
1.286141225136816502e-03 1.272788940696045756e-04
5.871209432370960712e-04 5.922504933550953865e-04
1.285704551264643669e-03 1.271723594982177019e-04
5.866826395504176617e-04 5.918425158597528934e-04
1.285281963646411896e-03 1.270546054001897573e-04
5.862680845893919468e-04 5.914019420742988586e-04
1.284841098822653294e-03 1.269413041882216930e-04
5.858504446223378181e-04 5.909966421313583851e-04
1.284406869672238827e-03 1.268341875402256846e-04
5.854168557561933994e-04 5.905913421884179115e-04
1.283980673179030418e-03 1.267229672521352768e-04
5.849830340594053268e-04 5.901634576730430126e-04
1.283551333472132683e-03 1.266097679035738111e-04
5.845563136972486973e-04 5.897951778024435043e-04
1.283121993765234947e-03 1.264986931346356869e-04
5.841154488734900951e-04 5.893863853998482227e-04
1.282698358409106731e-03 1.263923622900620103e-04
5.836968193762004375e-04 5.890525644645094872e-04
1.282261800952255726e-03 1.262791192857548594e-04
5.832603201270103455e-04 5.886683356948196888e-04
1.281833043321967125e-03 1.261676370631903410e-04
5.828331341035664082e-04 5.883279955014586449e-04
1.281403703615069389e-03 1.260583085240796208e-04
5.823863903060555458e-04 5.880234530195593834e-04
1.280981698073446751e-03 1.259453129023313522e-04
5.819437210448086262e-04 5.876187933608889580e-04
1.280560158193111420e-03 1.258284173673018813e-04
5.814924370497465134e-04 5.873064510524272919e-04
1.280136755667626858e-03 1.257169496966525912e-04
5.810494767501950264e-04 5.870080785825848579e-04
1.279720338061451912e-03 1.256011164514347911e-04
5.806194967590272427e-04 5.867077852599322796e-04
1.279283897019922733e-03 1.254892849829047918e-04
5.801899242214858532e-04 5.863476544618606567e-04
1.278856536373496056e-03 1.253758819075301290e-04
5.797349149361252785e-04 5.861102836206555367e-04
1.278433948755264282e-03 1.252642396138980985e-04
5.792881711386144161e-04 5.858117365278303623e-04
1.278015319257974625e-03 1.251527282875031233e-04
5.788194248452782631e-04 5.855407798662781715e-04
1.277604838833212852e-03 1.250347850145772099e-04
5.783852539025247097e-04 5.852433969266712666e-04
1.277172472327947617e-03 1.249271444976329803e-04
5.779186612926423550e-04 5.849961889907717705e-04
1.276764785870909691e-03 1.248091721208766103e-04
5.774469464085996151e-04 5.847743013873696327e-04
1.276355003938078880e-03 1.246950123459100723e-04
5.770128918811678886e-04 5.845589330419898033e-04
1.275925664231181145e-03 1.245802268385887146e-04
5.765486275777220726e-04 5.843063700012862682e-04
1.275511458516120911e-03 1.244659943040460348e-04
5.760827334597706795e-04 5.840760422870516777e-04
1.275096554309129715e-03 1.243495644303038716e-04
5.756207974627614021e-04 5.838703946210443974e-04
1.274686306715011597e-03 1.242301223101094365e-04
5.751551943831145763e-04 5.836728378199040890e-04
1.274269307032227516e-03 1.241215650225058198e-04
5.746830720454454422e-04 5.834641051478683949e-04
1.273858244530856609e-03 1.240078127011656761e-04
5.742219509556889534e-04 5.832826718688011169e-04
1.273444388061761856e-03 1.238916738657280803e-04
5.737601895816624165e-04 5.831224843859672546e-04
1.273031113669276237e-03 1.237766555277630687e-04
5.732604186050593853e-04 5.829312140122056007e-04
1.272636000066995621e-03 1.236577518284320831e-04
5.727958050556480885e-04 5.827740533277392387e-04
1.272219466045498848e-03 1.235399104189127684e-04
5.723236827179789543e-04 5.826406413689255714e-04
1.271809684112668037e-03 1.234286319231614470e-04
5.718584870919585228e-04 5.824819090776145458e-04
1.271395361982285976e-03 1.233140937983989716e-04
5.713662831112742424e-04 5.823166575282812119e-04
1.270991982892155647e-03 1.231916685355827212e-04
5.708982935175299644e-04 5.822128732688724995e-04
1.270583015866577625e-03 1.230802881764248013e-04
5.704074865207076073e-04 5.820802180096507072e-04
1.270179403945803642e-03 1.229567860718816519e-04
5.699066678062081337e-04 5.820093210786581039e-04
1.269781729206442833e-03 1.228445762535557151e-04
5.694280262105166912e-04 5.818837089464068413e-04
1.269376138225197792e-03 1.227246539201587439e-04
5.689436802640557289e-04 5.817917990498244762e-04
1.268970081582665443e-03 1.226134772878140211e-04
5.684540374204516411e-04 5.816956982016563416e-04
1.268568681553006172e-03 1.224958396051079035e-04
5.679430323652923107e-04 5.816338816657662392e-04
1.268176827579736710e-03 1.223771978402510285e-04
5.674543790519237518e-04 5.815664771944284439e-04
1.267774030566215515e-03 1.222658902406692505e-04
5.669606616720557213e-04 5.814866744913160801e-04
1.267370302230119705e-03 1.221434504259377718e-04
5.664629279635846615e-04 5.814443575218319893e-04
1.266975421458482742e-03 1.220271078636869788e-04
5.659520393237471581e-04 5.813956377096474171e-04
1.266584731638431549e-03 1.219071564264595509e-04
5.654608248732984066e-04 5.813710158690810204e-04
1.266177045181393623e-03 1.217944882228039205e-04
5.649637896567583084e-04 5.813244497403502464e-04
1.265778439119458199e-03 1.216761156683787704e-04
5.644565680995583534e-04 5.813051247969269753e-04
1.265382627025246620e-03 1.215586235048249364e-04
5.639448063448071480e-04 5.812927265651524067e-04
1.264992286451160908e-03 1.214384319609962404e-04
5.634328117594122887e-04 5.812869640067219734e-04
1.264601247385144234e-03 1.213230207213200629e-04
5.629129009321331978e-04 5.812806775793433189e-04
1.264211488887667656e-03 1.212084898725152016e-04
5.624067853204905987e-04 5.812892923131585121e-04
1.263818237930536270e-03 1.210854170494712889e-04
5.618934519588947296e-04 5.813455209136009216e-04
1.263424055650830269e-03 1.209763795486651361e-04
5.613672547042369843e-04 5.813587340526282787e-04
1.263040816411375999e-03 1.208511166623793542e-04
5.608398350887000561e-04 5.813931347802281380e-04
1.262653386220335960e-03 1.207319583045318723e-04
5.603203317150473595e-04 5.814307369291782379e-04
1.262266421690583229e-03 1.206159358844161034e-04
5.598078132607042789e-04 5.815168842673301697e-04
1.261870143935084343e-03 1.204994186991825700e-04
5.592868546955287457e-04 5.815260810777544975e-04
1.261483179405331612e-03 1.203865394927561283e-04
5.587534396909177303e-04 5.815977929159998894e-04
1.261097146198153496e-03 1.202645580633543432e-04
5.582110024988651276e-04 5.816695047542452812e-04
1.260721823200583458e-03 1.201483755721710622e-04
5.576892872340977192e-04 5.817605415359139442e-04
1.260331599041819572e-03 1.200266633532010019e-04
5.571527290157973766e-04 5.818366771563887596e-04
1.259951153770089149e-03 1.199127727886661887e-04
5.566217587329447269e-04 5.819803918711841106e-04
1.259563956409692764e-03 1.198004465550184250e-04
5.560684949159622192e-04 5.820407532155513763e-04
1.259193988516926765e-03 1.196743687614798546e-04
5.555374664254486561e-04 5.821645027026534081e-04
1.258806907571852207e-03 1.195551012642681599e-04
5.549852503463625908e-04 5.822931416332721710e-04
1.258430653251707554e-03 1.194394208141602576e-04
5.544321611523628235e-04 5.824276013299822807e-04
1.258061034604907036e-03 1.193205462186597288e-04
5.539176054298877716e-04 5.825744010508060455e-04
1.257663010619580746e-03 1.192063427879475057e-04
5.533461226150393486e-04 5.826918059028685093e-04
1.257297815755009651e-03 1.190854964079335332e-04
5.528003675863146782e-04 5.828516441397368908e-04
1.256920164451003075e-03 1.189696267829276621e-04
5.522253341041505337e-04 5.830229492858052254e-04
1.256562652997672558e-03 1.188480164273642004e-04
5.516830715350806713e-04 5.831882590427994728e-04
1.256176736205816269e-03 1.187333691632375121e-04
5.511034396477043629e-04 5.833915201947093010e-04
1.255818991921842098e-03 1.186129302368499339e-04
5.505556473508477211e-04 5.835784832015633583e-04
1.255441340617835522e-03 1.185029977932572365e-04
5.499949329532682896e-04 5.837612552568316460e-04
1.255067647434771061e-03 1.183818239951506257e-04
5.494171637110412121e-04 5.839413497596979141e-04
1.254706527106463909e-03 1.182646155939437449e-04
5.488648312166333199e-04 5.841727252118289471e-04
1.254325034096837044e-03 1.181487823487259448e-04
5.482916021719574928e-04 5.843747057951986790e-04
1.253963680937886238e-03 1.180297695100307465e-04
5.477242521010339260e-04 5.845632986165583134e-04
1.253592432476580143e-03 1.179144237539730966e-04
5.471577169373631477e-04 5.847814609296619892e-04
1.253221998922526836e-03 1.177981175715103745e-04
5.465710419230163097e-04 5.850206944160163403e-04
1.252866233699023724e-03 1.176772639155387878e-04
5.460081738419830799e-04 5.852847825735807419e-04
1.252494752407073975e-03 1.175612705992534757e-04
5.454281345009803772e-04 5.855400813743472099e-04
1.252129091881215572e-03 1.174417557194828987e-04
5.448213778436183929e-04 5.857861833646893501e-04
1.251781824976205826e-03 1.173253840534016490e-04
5.442600231617689133e-04 5.860504461452364922e-04
1.251406152732670307e-03 1.172081319964490831e-04
5.436582141555845737e-04 5.863017286173999310e-04
1.251055626198649406e-03 1.170940013253130019e-04
5.430596647784113884e-04 5.866370047442615032e-04
1.250702771358191967e-03 1.169753522844985127e-04
5.424859700724482536e-04 5.868674488738179207e-04
1.250330358743667603e-03 1.168590824818238616e-04
5.418965010903775692e-04 5.871540633961558342e-04
1.249969820491969585e-03 1.167445661849342287e-04
5.413108156062662601e-04 5.874461494386196136e-04
1.249606837518513203e-03 1.166314104921184480e-04
5.406893324106931686e-04 5.877806688658893108e-04
1.249265973456203938e-03 1.165125868283212185e-04
5.400838563218712807e-04 5.881297984160482883e-04
1.248918124474585056e-03 1.163950510090216994e-04
5.394764593802392483e-04 5.884293350391089916e-04
1.248563406988978386e-03 1.162774642580188811e-04
5.388708086684346199e-04 5.887924926355481148e-04
1.248215092346072197e-03 1.161619002232328057e-04
5.382593953981995583e-04 5.891306791454553604e-04
1.247863983735442162e-03 1.160470201284624636e-04
5.376491462811827660e-04 5.894632777199149132e-04
1.247510779649019241e-03 1.159244784503243864e-04
5.370398866944015026e-04 5.898200906813144684e-04
1.247163163498044014e-03 1.158147933892905712e-04
5.364299286156892776e-04 5.901890690438449383e-04
1.246809260919690132e-03 1.157009173766709864e-04
5.358309717848896980e-04 5.905094440095126629e-04
1.246447558514773846e-03 1.155834033852443099e-04
5.352100124582648277e-04 5.908951279707252979e-04
1.246104482561349869e-03 1.154694255092181265e-04
5.345742101781070232e-04 5.912977503612637520e-04
1.245772466063499451e-03 1.153553603217005730e-04
5.339594790711998940e-04 5.916911759413778782e-04
1.245418214239180088e-03 1.152348559116944671e-04
5.333315930329263210e-04 5.920517141930758953e-04
1.245077466592192650e-03 1.151211909018456936e-04
5.326782702468335629e-04 5.924960132688283920e-04
1.244749175384640694e-03 1.150080497609451413e-04
5.320614436641335487e-04 5.928974715061485767e-04
1.244399463757872581e-03 1.148963128798641264e-04
5.314279114827513695e-04 5.933237844146788120e-04
1.244055340066552162e-03 1.147807197412475944e-04
5.307942046783864498e-04 5.937274545431137085e-04
1.243715407326817513e-03 1.146683789556846023e-04
5.301691126078367233e-04 5.941463750787079334e-04
1.243366627022624016e-03 1.145526548498310149e-04
5.295300506986677647e-04 5.945570883341133595e-04
1.243028789758682251e-03 1.144371126429177821e-04
5.288907559588551521e-04 5.950171034783124924e-04
1.242688624188303947e-03 1.143257613875903189e-04
5.282395286485552788e-04 5.954554653726518154e-04
1.242355559952557087e-03 1.142072724178433418e-04
5.275752628222107887e-04 5.959162954241037369e-04
1.242031343281269073e-03 1.140953609137795866e-04
5.269254324957728386e-04 5.963857402093708515e-04
1.241697696968913078e-03 1.139811356551945210e-04
5.262735066935420036e-04 5.968951154500246048e-04
1.241363701410591602e-03 1.138671650551259518e-04
5.256046424619853497e-04 5.973615916445851326e-04
1.241040765307843685e-03 1.137532526627182961e-04
5.249519017525017262e-04 5.978548433631658554e-04
1.240705722011625767e-03 1.136401115218177438e-04
5.243041669018566608e-04 5.983139853924512863e-04
1.240366837009787560e-03 1.135252095991745591e-04
5.236220313236117363e-04 5.988128250464797020e-04
1.240052864886820316e-03 1.134165577241219580e-04
5.229831440374255180e-04 5.993371014483273029e-04
1.239705015905201435e-03 1.133042387664318085e-04
5.223245243541896343e-04 5.997814005240797997e-04
1.239372882992029190e-03 1.131881726905703545e-04
5.216532154008746147e-04 6.003105663694441319e-04
1.239049830473959446e-03 1.130796299548819661e-04
5.209470400586724281e-04 6.009057397022843361e-04
1.238746684975922108e-03 1.129645606852136552e-04
5.203052423894405365e-04 6.013893871568143368e-04
1.238395227119326591e-03 1.128544827224686742e-04
5.195928970351815224e-04 6.019362481310963631e-04
1.238099997863173485e-03 1.127394643845036626e-04
5.189258372411131859e-04 6.024617468938231468e-04
1.237766700796782970e-03 1.126293354900553823e-04
5.182764725759625435e-04 6.029850919730961323e-04
1.237428048625588417e-03 1.125216149375773966e-04
5.175360711291432381e-04 6.035842234268784523e-04
1.237141201272606850e-03 1.124053960666060448e-04
5.168759962543845177e-04 6.041401065886020660e-04
1.236806507222354412e-03 1.122941030189394951e-04
5.161877488717436790e-04 6.046873750165104866e-04
1.236484968103468418e-03 1.121871173381805420e-04
5.155147518962621689e-04 6.052675889804959297e-04
1.236154232174158096e-03 1.120715023716911674e-04
5.147961783222854137e-04 6.058365106582641602e-04
1.235854346305131912e-03 1.119592561735771596e-04
5.140842404216527939e-04 6.064450135454535484e-04
1.235547591932117939e-03 1.118502914323471487e-04
5.134114762768149376e-04 6.070471717976033688e-04
1.235217670910060406e-03 1.117394422180950642e-04
5.127220647409558296e-04 6.076305289752781391e-04
1.234899158589541912e-03 1.116311032092198730e-04
5.119860288687050343e-04 6.082205218262970448e-04
1.234607771039009094e-03 1.115155901061370969e-04
5.112754879519343376e-04 6.088789086788892746e-04
1.234299270436167717e-03 1.114144833991304040e-04
5.105568561702966690e-04 6.095054559409618378e-04
1.233994960784912109e-03 1.113030812120996416e-04
5.098474211990833282e-04 6.101166945882141590e-04
1.233680290170013905e-03 1.111852252506650984e-04
5.091627826914191246e-04 6.106763030402362347e-04
1.233355375006794930e-03 1.110804878408089280e-04
5.084372824057936668e-04 6.113362614996731281e-04
1.233052345924079418e-03 1.109747317968867719e-04
5.077439709566533566e-04 6.119137397035956383e-04
1.232725218869745731e-03 1.108637516153976321e-04
5.069937324151396751e-04 6.125812651589512825e-04
1.232442096807062626e-03 1.107583520933985710e-04
5.062763229943811893e-04 6.132445414550602436e-04
1.232134993188083172e-03 1.106489798985421658e-04
5.055380752310156822e-04 6.139146862551569939e-04
1.231835456565022469e-03 1.105393967009149492e-04
5.048001185059547424e-04 6.145696388557553291e-04
1.231540692970156670e-03 1.104251932702027261e-04
5.040754331275820732e-04 6.152382120490074158e-04
1.231229864060878754e-03 1.103213726310059428e-04
5.033604684285819530e-04 6.159179611131548882e-04
1.230918220244348049e-03 1.102103415178135037e-04
5.025846185162663460e-04 6.165749509818851948e-04
1.230646856129169464e-03 1.101000962080433965e-04
5.018599913455545902e-04 6.172818248160183430e-04
1.230336725711822510e-03 1.099973233067430556e-04
5.010919412598013878e-04 6.179559859447181225e-04
1.230056630447506905e-03 1.098872162401676178e-04
5.003869882784783840e-04 6.186586688272655010e-04
1.229730201885104179e-03 1.097846106858924031e-04
4.996287752874195576e-04 6.193422013893723488e-04
1.229447079822421074e-03 1.096752966986969113e-04
4.988720174878835678e-04 6.200579227879643440e-04
1.229156856425106525e-03 1.095679035643115640e-04
4.981434904038906097e-04 6.207089754752814770e-04
1.228843000717461109e-03 1.094640465453267097e-04
4.973859176971018314e-04 6.214006571099162102e-04
1.228552311658859253e-03 1.093550090445205569e-04
4.966132109984755516e-04 6.221048533916473389e-04
1.228268723934888840e-03 1.092424281523562968e-04
4.958722274750471115e-04 6.228414131328463554e-04
1.227965345606207848e-03 1.091427257051691413e-04
4.950917791575193405e-04 6.235690088942646980e-04
1.227687927894294262e-03 1.090350997401401401e-04
4.942934028804302216e-04 6.243495736271142960e-04
1.227421103976666927e-03 1.089271172531880438e-04
4.935543402098119259e-04 6.250757724046707153e-04
1.227116212248802185e-03 1.088212738977745175e-04
4.927762201987206936e-04 6.258074427023530006e-04
1.226831343956291676e-03 1.087207565433345735e-04
4.920083447359502316e-04 6.265272386372089386e-04
1.226547174155712128e-03 1.086123156710527837e-04
4.912495496682822704e-04 6.272942409850656986e-04
1.226245309226214886e-03 1.085069598047994077e-04
4.904551315121352673e-04 6.280146772041916847e-04
1.225973712280392647e-03 1.083989627659320831e-04
4.896817845292389393e-04 6.287765572778880596e-04
1.225687447004020214e-03 1.083016031770966947e-04
4.889145493507385254e-04 6.295286002568900585e-04
1.225392566993832588e-03 1.081941882148385048e-04
4.881268832832574844e-04 6.302736001089215279e-04
1.225114101544022560e-03 1.080887159332633018e-04
4.873048455920070410e-04 6.310847238637506962e-04
1.224860898219048977e-03 1.079852663679048419e-04
4.865156952291727066e-04 6.318871746771037579e-04
1.224577194079756737e-03 1.078780987882055342e-04
4.857769235968589783e-04 6.325953290797770023e-04
1.224261941388249397e-03 1.077773849829100072e-04
4.849735705647617579e-04 6.333588389679789543e-04
1.223989180289208889e-03 1.076727276085875928e-04
4.841561894863843918e-04 6.341275875456631184e-04
1.223726430907845497e-03 1.075667460099793971e-04
4.833633138332515955e-04 6.348984898068010807e-04
1.223443308845162392e-03 1.074649189831689000e-04
4.826005024369806051e-04 6.356768426485359669e-04
1.223144005052745342e-03 1.073600724339485168e-04
4.817590233869850636e-04 6.364794680848717690e-04
1.222892431542277336e-03 1.072566738002933562e-04
4.809604142792522907e-04 6.372705101966857910e-04
1.222613500431180000e-03 1.071528095053508878e-04
4.801726317964494228e-04 6.380351260304450989e-04
1.222324324771761894e-03 1.070490834536030889e-04
4.793350235559046268e-04 6.388155161403119564e-04
1.222072402015328407e-03 1.069450954673811793e-04
4.785486089531332254e-04 6.396226235665380955e-04
1.221779384650290012e-03 1.068430501618422568e-04
4.776997084263712168e-04 6.404394516721367836e-04
1.221531885676085949e-03 1.067444318323396146e-04
4.769029910676181316e-04 6.412037182599306107e-04
1.221246668137609959e-03 1.066393451765179634e-04
4.761214950121939182e-04 6.419765995815396309e-04
1.220949692651629448e-03 1.065413089236244559e-04
4.752574604935944080e-04 6.427754997275769711e-04
1.220707432366907597e-03 1.064359894371591508e-04
4.744458128698170185e-04 6.435978575609624386e-04
1.220434205606579781e-03 1.063326635630801320e-04
4.736404516734182835e-04 6.444183527491986752e-04
1.220148638822138309e-03 1.062316368916071951e-04
4.727666673716157675e-04 6.452000816352665424e-04
1.219914644025266171e-03 1.061300281435251236e-04
4.719810676760971546e-04 6.460117874667048454e-04
1.219614292494952679e-03 1.060306894942186773e-04
4.711659275926649570e-04 6.468066130764782429e-04
1.219338504597544670e-03 1.059266141965053976e-04
4.702973237726837397e-04 6.476108101196587086e-04
1.219094963744282722e-03 1.058247289620339870e-04
4.694733361247926950e-04 6.484515033662319183e-04
1.218821620568633080e-03 1.057243425748310983e-04
4.686279571615159512e-04 6.492527900263667107e-04
1.218562480062246323e-03 1.056200271705165505e-04
4.678222758229821920e-04 6.500539020635187626e-04
1.218275632709264755e-03 1.055231186910532415e-04
4.669891786761581898e-04 6.508207297883927822e-04
1.218000194057822227e-03 1.054217791534028947e-04
4.661108832806348801e-04 6.516288267448544502e-04
1.217761542648077011e-03 1.053176238201558590e-04
4.652946372516453266e-04 6.524573545902967453e-04
1.217480050399899483e-03 1.052213337970897555e-04
4.644374421332031488e-04 6.532740662805736065e-04
1.217222772538661957e-03 1.051144208759069443e-04
4.635771329049021006e-04 6.540776230394840240e-04
1.216969802044332027e-03 1.050177525030449033e-04
4.627046582754701376e-04 6.548993405885994434e-04
1.216721138916909695e-03 1.049124402925372124e-04
4.619116371031850576e-04 6.557145970873534679e-04
1.216414617374539375e-03 1.048198464559391141e-04
4.610178875736892223e-04 6.564998766407370567e-04
1.216180389747023582e-03 1.047158293658867478e-04
4.601539985742419958e-04 6.572987185791134834e-04
1.215927070006728172e-03 1.046114339260384440e-04
4.593263729475438595e-04 6.581632187590003014e-04
1.215642434544861317e-03 1.045112730935215950e-04
4.584453126881271601e-04 6.589186959899961948e-04
1.215397729538381100e-03 1.044147284119389951e-04
4.576390201691538095e-04 6.597003666684031487e-04
1.215098309330642223e-03 1.043158481479622424e-04
4.567578434944152832e-04 6.604812224395573139e-04
1.214850810356438160e-03 1.042156000039540231e-04
4.558843502309173346e-04 6.612685392610728741e-04
1.214593881741166115e-03 1.041137875290587544e-04
4.550634475890547037e-04 6.620549247600138187e-04
1.214307500049471855e-03 1.040151328197680414e-04
4.541617236100137234e-04 6.628789706155657768e-04
1.214069547131657600e-03 1.039131311699748039e-04
4.532635794021189213e-04 6.636868347413837910e-04
1.213829731568694115e-03 1.038115442497655749e-04
4.524518735706806183e-04 6.644483073614537716e-04
1.213527284562587738e-03 1.037163674482144415e-04
4.515285254456102848e-04 6.652414449490606785e-04
1.213305513374507427e-03 1.036123358062468469e-04
4.506557597778737545e-04 6.660633953288197517e-04
1.213046489283442497e-03 1.035134409903548658e-04
4.498104681260883808e-04 6.668259156867861748e-04
1.212766626849770546e-03 1.034183078445494175e-04
4.489332495722919703e-04 6.675703334622085094e-04
1.212506205774843693e-03 1.033157604979351163e-04
4.480907809920608997e-04 6.683400715701282024e-04
1.212224829941987991e-03 1.032189684337936342e-04
4.471994470804929733e-04 6.690757581964135170e-04
1.211972790770232677e-03 1.031172942020930350e-04
4.462890210561454296e-04 6.699366495013237000e-04
1.211736118420958519e-03 1.030190396704711020e-04
4.454619775060564280e-04 6.706616841256618500e-04
1.211433438584208488e-03 1.029228078550659120e-04
4.445759113878011703e-04 6.713640759699046612e-04
1.211178139783442020e-03 1.028213446261361241e-04
4.436705785337835550e-04 6.721122190356254578e-04
1.210936694405972958e-03 1.027190155582502484e-04
4.428605607245117426e-04 6.728286971338093281e-04
1.210623187944293022e-03 1.026213649311102927e-04
4.419099132064729929e-04 6.735759088769555092e-04
1.210408518090844154e-03 1.025211895466782153e-04
4.410590627230703831e-04 6.743693957105278969e-04
1.210122602060437202e-03 1.024248558678664267e-04
4.401133337523788214e-04 6.750915781594812870e-04
1.209903974086046219e-03 1.023158401949331164e-04
4.393091367091983557e-04 6.758334347978234291e-04
1.209587557241320610e-03 1.022221040329895914e-04
4.383843916002660990e-04 6.765057332813739777e-04
1.209345064125955105e-03 1.021188218146562576e-04
4.374803393147885799e-04 6.772669148631393909e-04
1.209096517413854599e-03 1.020198906189762056e-04
4.365989007055759430e-04 6.779392715543508530e-04
1.208826201036572456e-03 1.019237315631471574e-04
4.356931895017623901e-04 6.786536541767418385e-04
1.208576606586575508e-03 1.018187467707321048e-04
4.348077927716076374e-04 6.794125656597316265e-04
1.208306523039937019e-03 1.017213799059391022e-04
4.338958824519068003e-04 6.800525588914752007e-04
1.208054716698825359e-03 1.016219248413108289e-04
4.330344381742179394e-04 6.807509926147758961e-04
1.207769499160349369e-03 1.015216548694297671e-04
4.321267770137637854e-04 6.814349908381700516e-04
1.207515946589410305e-03 1.014214212773367763e-04
4.312219680286943913e-04 6.821011775173246861e-04
1.207255991175770760e-03 1.013211876852437854e-04
4.303776659071445465e-04 6.827400648035109043e-04
1.206955756060779095e-03 1.012175780488178134e-04
4.294590617064386606e-04 6.834283703938126564e-04
