0.000000000000000000e+00 -1.197492331266403198e-02
1.010101010101010187e-02 2.571047097444534302e-02
2.020202020202020374e-02 6.313992291688919067e-02
3.030303030303030387e-02 1.002386882901191711e-01
4.040404040404040747e-02 1.369341611862182617e-01
5.050505050505051108e-02 1.731566786766052246e-01
6.060606060606060774e-02 2.088392376899719238e-01
7.070707070707071829e-02 2.439193129539489746e-01
8.080808080808081495e-02 2.783382534980773926e-01
9.090909090909091161e-02 3.120413422584533691e-01
1.010101010101010222e-01 3.449780941009521484e-01
1.111111111111111188e-01 3.771039247512817383e-01
1.212121212121212155e-01 4.083780646324157715e-01
1.313131313131313260e-01 4.387651681900024414e-01
1.414141414141414366e-01 4.682348966598510742e-01
1.515151515151515194e-01 4.967612028121948242e-01
1.616161616161616299e-01 5.243235230445861816e-01
1.717171717171717404e-01 5.509056448936462402e-01
1.818181818181818232e-01 5.764959454536437988e-01
1.919191919191919338e-01 6.010869741439819336e-01
2.020202020202020443e-01 6.246753931045532227e-01
2.121212121212121271e-01 6.472617983818054199e-01
2.222222222222222376e-01 6.688500642776489258e-01
2.323232323232323482e-01 6.894475221633911133e-01
2.424242424242424310e-01 7.090641856193542480e-01
2.525252525252525415e-01 7.277128696441650391e-01
2.626262626262626521e-01 7.454088926315307617e-01
2.727272727272727626e-01 7.621693611145019531e-01
2.828282828282828731e-01 7.780137062072753906e-01
2.929292929292929282e-01 7.929625511169433594e-01
3.030303030303030387e-01 8.070375919342041016e-01
3.131313131313131493e-01 8.202622532844543457e-01
3.232323232323232598e-01 8.326605558395385742e-01
3.333333333333333703e-01 8.442567586898803711e-01
3.434343434343434809e-01 8.550761342048645020e-01
3.535353535353535914e-01 8.651441335678100586e-01
3.636363636363636465e-01 8.744863271713256836e-01
3.737373737373737570e-01 8.831282258033752441e-01
3.838383838383838675e-01 8.910951018333435059e-01
3.939393939393939781e-01 8.984124064445495605e-01
4.040404040404040886e-01 9.051051139831542969e-01
4.141414141414141992e-01 9.111975431442260742e-01
4.242424242424242542e-01 9.167139530181884766e-01
4.343434343434343647e-01 9.216776490211486816e-01
4.444444444444444753e-01 9.261119365692138672e-01
4.545454545454545858e-01 9.300387501716613770e-01
4.646464646464646964e-01 9.334800839424133301e-01
4.747474747474748069e-01 9.364566802978515625e-01
4.848484848484848619e-01 9.389892220497131348e-01
4.949494949494949725e-01 9.410972595214843750e-01
5.050505050505050830e-01 9.427995681762695312e-01
5.151515151515152491e-01 9.441145062446594238e-01
5.252525252525253041e-01 9.450594782829284668e-01
5.353535353535353591e-01 9.456516504287719727e-01
5.454545454545455252e-01 9.459067583084106445e-01
5.555555555555555802e-01 9.458404779434204102e-01
5.656565656565657463e-01 9.454677104949951172e-01
5.757575757575758013e-01 9.448024034500122070e-01
5.858585858585858563e-01 9.438582658767700195e-01
5.959595959595960224e-01 9.426483511924743652e-01
6.060606060606060774e-01 9.411845803260803223e-01
6.161616161616162435e-01 9.394791722297668457e-01
6.262626262626262985e-01 9.375430345535278320e-01
6.363636363636364646e-01 9.353871941566467285e-01
6.464646464646465196e-01 9.330215454101562500e-01
6.565656565656565746e-01 9.304559230804443359e-01
6.666666666666667407e-01 9.276995062828063965e-01
6.767676767676767957e-01 9.247611165046691895e-01
6.868686868686869618e-01 9.216490387916564941e-01
6.969696969696970168e-01 9.183713197708129883e-01
7.070707070707071829e-01 9.149354100227355957e-01
7.171717171717172379e-01 9.113485813140869141e-01
7.272727272727272929e-01 9.076175689697265625e-01
7.373737373737374590e-01 9.037489295005798340e-01
7.474747474747475140e-01 8.997486233711242676e-01
7.575757575757576801e-01 8.956229090690612793e-01
7.676767676767677351e-01 8.913769125938415527e-01
7.777777777777777901e-01 8.870161175727844238e-01
7.878787878787879562e-01 8.825455904006958008e-01
7.979797979797980112e-01 8.779700994491577148e-01
8.080808080808081773e-01 8.732939362525939941e-01
8.181818181818182323e-01 8.685216903686523438e-01
8.282828282828283983e-01 8.636572957038879395e-01
8.383838383838384534e-01 8.587047457695007324e-01
8.484848484848485084e-01 8.536674380302429199e-01
8.585858585858586745e-01 8.485494256019592285e-01
8.686868686868687295e-01 8.433536291122436523e-01
8.787878787878788955e-01 8.380833268165588379e-01
8.888888888888889506e-01 8.327416777610778809e-01
8.989898989898991166e-01 8.273313045501708984e-01
9.090909090909091717e-01 8.218551874160766602e-01
9.191919191919192267e-01 8.163158893585205078e-01
9.292929292929293927e-01 8.107157945632934570e-01
9.393939393939394478e-01 8.050573468208312988e-01
9.494949494949496138e-01 7.993426918983459473e-01
9.595959595959596689e-01 7.935742139816284180e-01
9.696969696969697239e-01 7.877537012100219727e-01
9.797979797979798899e-01 7.818833589553833008e-01
9.898989898989899450e-01 7.759647965431213379e-01
1.000000000000000000e+00 7.700000405311584473e-01
