0.000000000000000000e+00 9.967416524887084961e-03
1.010101010101010187e-02 4.341551661491394043e-02
2.020202020202020374e-02 7.833155989646911621e-02
3.030303030303030387e-02 1.143737733364105225e-01
4.040404040404040747e-02 1.511859595775604248e-01
5.050505050505051108e-02 1.884137094020843506e-01
6.060606060606060774e-02 2.257122695446014404e-01
7.070707070707071829e-02 2.627635896205902100e-01
8.080808080808081495e-02 2.992831170558929443e-01
9.090909090909091161e-02 3.350292146205902100e-01
1.010101010101010222e-01 3.698047101497650146e-01
1.111111111111111188e-01 4.034619033336639404e-01
1.212121212121212155e-01 4.358981549739837646e-01
1.313131313131313260e-01 4.670546948909759521e-01
1.414141414141414366e-01 4.969103634357452393e-01
1.515151515151515194e-01 5.254753828048706055e-01
1.616161616161616299e-01 5.527850389480590820e-01
1.717171717171717404e-01 5.788949728012084961e-01
1.818181818181818232e-01 6.038727760314941406e-01
1.919191919191919338e-01 6.277921199798583984e-01
2.020202020202020443e-01 6.507321596145629883e-01
2.121212121212121271e-01 6.727688312530517578e-01
2.222222222222222376e-01 6.939750909805297852e-01
2.323232323232323482e-01 7.144163846969604492e-01
2.424242424242424310e-01 7.341523170471191406e-01
2.525252525252525415e-01 7.532320022583007812e-01
2.626262626262626521e-01 7.716963291168212891e-01
2.727272727272727626e-01 7.895767688751220703e-01
2.828282828282828731e-01 8.068950176239013672e-01
2.929292929292929282e-01 8.236651420593261719e-01
3.030303030303030387e-01 8.398926258087158203e-01
3.131313131313131493e-01 8.555753231048583984e-01
3.232323232323232598e-01 8.707056045532226562e-01
3.333333333333333703e-01 8.852695226669311523e-01
3.434343434343434809e-01 8.992483615875244141e-01
3.535353535353535914e-01 9.126200675964355469e-01
3.636363636363636465e-01 9.253587722778320312e-01
3.737373737373737570e-01 9.374358654022216797e-01
3.838383838383838675e-01 9.488224983215332031e-01
3.939393939393939781e-01 9.594881534576416016e-01
4.040404040404040886e-01 9.694010019302368164e-01
4.141414141414141992e-01 9.785307645797729492e-01
4.242424242424242542e-01 9.868475198745727539e-01
4.343434343434343647e-01 9.943224191665649414e-01
4.444444444444444753e-01 1.000927448272705078e+00
4.545454545454545858e-01 1.006636977195739746e+00
4.646464646464646964e-01 1.011427164077758789e+00
4.747474747474748069e-01 1.015277266502380371e+00
4.848484848484848619e-01 1.018167734146118164e+00
4.949494949494949725e-01 1.020082712173461914e+00
5.050505050505050830e-01 1.021007537841796875e+00
5.151515151515152491e-01 1.020932316780090332e+00
5.252525252525253041e-01 1.019847512245178223e+00
5.353535353535353591e-01 1.017747759819030762e+00
5.454545454545455252e-01 1.014629960060119629e+00
5.555555555555555802e-01 1.010493040084838867e+00
5.656565656565657463e-01 1.005339264869689941e+00
5.757575757575758013e-01 9.991720914840698242e-01
5.858585858585858563e-01 9.919983148574829102e-01
5.959595959595960224e-01 9.838256835937500000e-01
6.060606060606060774e-01 9.746649265289306641e-01
6.161616161616162435e-01 9.645274877548217773e-01
6.262626262626262985e-01 9.534273147583007812e-01
6.363636363636364646e-01 9.413789510726928711e-01
6.464646464646465196e-01 9.283989667892456055e-01
6.565656565656565746e-01 9.145046472549438477e-01
6.666666666666667407e-01 8.997149467468261719e-01
6.767676767676767957e-01 8.840494155883789062e-01
6.868686868686869618e-01 8.675274848937988281e-01
6.969696969696970168e-01 8.501703739166259766e-01
7.070707070707071829e-01 8.319991827011108398e-01
7.171717171717172379e-01 8.130357265472412109e-01
7.272727272727272929e-01 7.933018207550048828e-01
7.373737373737374590e-01 7.728202342987060547e-01
7.474747474747475140e-01 7.516123056411743164e-01
7.575757575757576801e-01 7.297006845474243164e-01
7.676767676767677351e-01 7.071071863174438477e-01
7.777777777777777901e-01 6.838548183441162109e-01
7.878787878787879562e-01 6.599645614624023438e-01
7.979797979797980112e-01 6.354585886001586914e-01
8.080808080808081773e-01 6.103579998016357422e-01
8.181818181818182323e-01 5.846838951110839844e-01
8.282828282828283983e-01 5.584567785263061523e-01
8.383838383838384534e-01 5.316971540451049805e-01
8.484848484848485084e-01 5.044249296188354492e-01
8.585858585858586745e-01 4.766598641872406006e-01
8.686868686868687295e-01 4.484200179576873779e-01
8.787878787878788955e-01 4.197240769863128662e-01
8.888888888888889506e-01 3.905904591083526611e-01
8.989898989898991166e-01 3.610365092754364014e-01
9.090909090909091717e-01 3.310790359973907471e-01
9.191919191919192267e-01 3.007350862026214600e-01
9.292929292929293927e-01 2.700199186801910400e-01
9.393939393939394478e-01 2.389497458934783936e-01
9.494949494949496138e-01 2.075391709804534912e-01
9.595959595959596689e-01 1.758028566837310791e-01
9.696969696969697239e-01 1.437552869319915771e-01
9.797979797979798899e-01 1.114098131656646729e-01
9.898989898989899450e-01 7.877972722053527832e-02
1.000000000000000000e+00 4.587724804878234863e-02
