0.000000000000000000e+00 6.692370772361755371e-02
1.010101010101010187e-02 9.309849143028259277e-02
2.020202020202020374e-02 1.199023425579071045e-01
3.030303030303030387e-02 1.472917497158050537e-01
4.040404040404040747e-02 1.752197444438934326e-01
5.050505050505051108e-02 2.036343514919281006e-01
6.060606060606060774e-02 2.324813306331634521e-01
7.070707070707071829e-02 2.617026269435882568e-01
8.080808080808081495e-02 2.912363708019256592e-01
9.090909090909091161e-02 3.210175931453704834e-01
1.010101010101010222e-01 3.509802520275115967e-01
1.111111111111111188e-01 3.810543715953826904e-01
1.212121212121212155e-01 4.111686646938323975e-01
1.313131313131313260e-01 4.412505328655242920e-01
1.414141414141414366e-01 4.712265431880950928e-01
1.515151515151515194e-01 5.010217428207397461e-01
1.616161616161616299e-01 5.305626392364501953e-01
1.717171717171717404e-01 5.597749948501586914e-01
1.818181818181818232e-01 5.885862112045288086e-01
1.919191919191919338e-01 6.169247627258300781e-01
2.020202020202020443e-01 6.447206735610961914e-01
2.121212121212121271e-01 6.719070672988891602e-01
2.222222222222222376e-01 6.984195709228515625e-01
2.323232323232323482e-01 7.241967916488647461e-01
2.424242424242424310e-01 7.491806745529174805e-01
2.525252525252525415e-01 7.733174562454223633e-01
2.626262626262626521e-01 7.965571880340576172e-01
2.727272727272727626e-01 8.188542127609252930e-01
2.828282828282828731e-01 8.401666879653930664e-01
2.929292929292929282e-01 8.604581356048583984e-01
3.030303030303030387e-01 8.796963691711425781e-01
3.131313131313131493e-01 8.978537321090698242e-01
3.232323232323232598e-01 9.149070978164672852e-01
3.333333333333333703e-01 9.308378696441650391e-01
3.434343434343434809e-01 9.456321001052856445e-01
3.535353535353535914e-01 9.592800140380859375e-01
3.636363636363636465e-01 9.717756509780883789e-01
3.737373737373737570e-01 9.831173419952392578e-01
3.838383838383838675e-01 9.933068752288818359e-01
3.939393939393939781e-01 1.002349615097045898e+00
4.040404040404040886e-01 1.010254144668579102e+00
4.141414141414141992e-01 1.017032027244567871e+00
4.242424242424242542e-01 1.022697806358337402e+00
4.343434343434343647e-01 1.027267575263977051e+00
4.444444444444444753e-01 1.030760765075683594e+00
4.545454545454545858e-01 1.033197879791259766e+00
4.646464646464646964e-01 1.034602046012878418e+00
4.747474747474748069e-01 1.034996747970581055e+00
4.848484848484848619e-01 1.034407854080200195e+00
4.949494949494949725e-01 1.032861232757568359e+00
5.050505050505050830e-01 1.030384898185729980e+00
5.151515151515152491e-01 1.027005672454833984e+00
5.252525252525253041e-01 1.022752761840820312e+00
5.353535353535353591e-01 1.017654299736022949e+00
5.454545454545455252e-01 1.011739015579223633e+00
5.555555555555555802e-01 1.005035877227783203e+00
5.656565656565657463e-01 9.975736141204833984e-01
5.757575757575758013e-01 9.893808364868164062e-01
5.858585858585858563e-01 9.804854393005371094e-01
5.959595959595960224e-01 9.709153175354003906e-01
6.060606060606060774e-01 9.606980085372924805e-01
6.161616161616162435e-01 9.498599767684936523e-01
6.262626262626262985e-01 9.384279251098632812e-01
6.363636363636364646e-01 9.264268875122070312e-01
6.464646464646465196e-01 9.138822555541992188e-01
6.565656565656565746e-01 9.008179903030395508e-01
6.666666666666667407e-01 8.872581720352172852e-01
6.767676767676767957e-01 8.732247352600097656e-01
6.868686868686869618e-01 8.587404489517211914e-01
6.969696969696970168e-01 8.438264131546020508e-01
7.070707070707071829e-01 8.285028934478759766e-01
7.171717171717172379e-01 8.127900362014770508e-01
7.272727272727272929e-01 7.967065572738647461e-01
7.373737373737374590e-01 7.802714705467224121e-01
7.474747474747475140e-01 7.635017633438110352e-01
7.575757575757576801e-01 7.464142441749572754e-01
7.676767676767677351e-01 7.290254831314086914e-01
7.777777777777777901e-01 7.113507986068725586e-01
7.878787878787879562e-01 6.934052109718322754e-01
7.979797979797980112e-01 6.752026081085205078e-01
8.080808080808081773e-01 6.567568778991699219e-01
8.181818181818182323e-01 6.380807161331176758e-01
8.282828282828283983e-01 6.191866397857666016e-01
8.383838383838384534e-01 6.000864505767822266e-01
8.484848484848485084e-01 5.807912349700927734e-01
8.585858585858586745e-01 5.613122582435607910e-01
8.686868686868687295e-01 5.416589975357055664e-01
8.787878787878788955e-01 5.218416452407836914e-01
8.888888888888889506e-01 5.018693208694458008e-01
8.989898989898991166e-01 4.817512631416320801e-01
9.090909090909091717e-01 4.614954590797424316e-01
9.191919191919192267e-01 4.411099851131439209e-01
9.292929292929293927e-01 4.206024408340454102e-01
9.393939393939394478e-01 3.999800384044647217e-01
9.494949494949496138e-01 3.792497515678405762e-01
9.595959595959596689e-01 3.584180474281311035e-01
9.696969696969697239e-01 3.374912142753601074e-01
9.797979797979798899e-01 3.164750039577484131e-01
9.898989898989899450e-01 2.953750789165496826e-01
1.000000000000000000e+00 2.741967737674713135e-01
