5.400344641816560154e-01 9.935889667107508094e-01
8.970985799815343054e-01 3.692508711065959903e-01
7.398638198034741542e-01 7.698613917971459664e-01
9.049711806332505493e-01 3.439933714260446362e-01
5.606631694437349545e-01 9.852799194921627590e-01
7.768953667087694637e-01 6.933158235808642988e-01
9.224894837730405195e-01 2.860105444047589263e-01
2.453432529633597925e-01 7.405997647548665519e-01
8.996736193674127469e-01 3.610439919270099218e-01
1.991614766227018940e-01 6.379847314086674048e-01
9.544881251086652085e-01 1.737621765408411123e-01
4.044052430754075944e-01 9.634465697941123619e-01
2.060818509133017784e-01 6.544484865497977033e-01
9.782041340820061270e-01 8.528322458751481927e-02
2.623048225963814373e-01 7.740040105562492334e-01
2.152285149871862036e-01 6.756208052943870612e-01
5.083284699214041247e-03 2.022977966352311127e-02
7.269879919679884672e-01 7.939058060093615588e-01
1.809145952579009897e-01 5.927380179222834222e-01
9.714650914353879507e-01 1.108826702312851187e-01
5.033396328927818297e-01 9.999553874085658212e-01
1.040189498547628988e-01 3.727960317035008964e-01
6.363736775715226335e-01 9.256088802624735656e-01
7.047156078805414392e-01 8.323660795604016505e-01
4.346783210868052638e-01 9.829323130558459409e-01
4.901096610690625077e-01 9.996087247833247424e-01
8.967472697408626070e-01 3.703664158126848127e-01
9.986982458966869869e-01 5.200238158270083060e-03
8.650171206071817220e-01 4.670500066545685836e-01
6.697246517218077289e-01 8.847741703916442990e-01
3.991968859040747608e-01 9.593549287542555426e-01
2.914226896736079597e-01 8.259820224680317624e-01
8.448978875768562435e-01 5.241817885800889032e-01
3.116274693091507508e-01 8.580631587245002301e-01
4.119529833863586621e-01 9.689908914617486602e-01
2.433980162809622483e-01 7.366216878058187145e-01
6.372056831731454096e-02 2.386410299625319753e-01
6.287857958821612137e-01 9.336568751159932678e-01
9.530402209867415708e-01 1.790182326731374618e-01
6.095598712590457602e-01 9.519865384388053187e-01
6.701451647023818348e-01 8.842024917135974382e-01
5.696243989430589405e-01 9.806097722872710865e-01
7.666269999644725885e-02 2.831421217028079473e-01
8.858994955478733946e-01 4.043263173435873714e-01
3.102695268445897492e-01 8.560093902248966380e-01
9.543194831960383206e-01 1.743752287539386270e-01
9.436424281842911155e-01 2.127255836589843907e-01
3.853769143951381038e-01 9.474461929856820008e-01
6.721772794761761149e-01 8.814199377287309511e-01
3.941979979597263206e-01 9.552237454570796649e-01
4.039566669804695032e-01 9.631027127299982560e-01
2.903327777707566115e-01 8.241586236906922602e-01
2.550462803347964824e-01 7.599907008887235582e-01
1.027427785732116794e-01 3.687468000970706705e-01
6.112775896700216594e-01 9.504691921489211159e-01
2.068913713433652157e-01 6.563493272281079038e-01
7.957388648160441669e-01 6.501540953492702668e-01
8.836014649738892501e-01 4.113996642795440528e-01
4.450614124896826729e-01 9.879270064094848314e-01
8.432246942297045855e-01 5.287872370837031211e-01
7.154990865280647094e-01 8.142405748222787398e-01
6.169369758208951282e-01 9.453029747434535945e-01
9.935724923941035014e-01 2.554477900749056382e-02
5.944491868184307304e-01 9.643174044373487019e-01
8.701814770345894789e-01 4.518626962419587945e-01
2.996167758070248377e-01 8.393862538481113855e-01
7.357270815071207393e-01 7.777309721765409689e-01
8.289612789391418435e-01 5.671379078348964820e-01
4.470440243574691497e-02 1.708236753544387920e-01
2.755587766489521195e-01 7.985045490427401527e-01
9.654085816772632889e-01 1.335794084046325880e-01
6.952608669550929266e-01 8.474927753437819788e-01
4.755963670072531624e-01 9.976178507870212542e-01
1.444783784228287349e-01 4.944175063645545043e-01
5.432025152804059731e-01 9.925341706937851338e-01
7.201466478542228877e-01 8.061418137541951356e-01
9.101530757801565841e-01 3.270978177123085029e-01
6.559628278238538446e-01 9.027023853487476934e-01
1.985798844363139137e-01 6.365836557342965385e-01
2.416862498054461739e-02 9.433801018837764674e-02
