3.195000000000000062e-01
3.415000000000000258e-01
3.474999999999999756e-01
3.245000000000000107e-01
3.609999999999999876e-01
3.155000000000000027e-01
2.874999999999999778e-01
3.454999999999999738e-01
2.914999999999999813e-01
2.854999999999999760e-01
3.594999999999999862e-01
3.624999999999999889e-01
3.260000000000000120e-01
3.664999999999999925e-01
3.539999999999999813e-01
2.994999999999999885e-01
2.999999999999999889e-01
3.135000000000000009e-01
3.444999999999999729e-01
3.519999999999999796e-01
3.594999999999999862e-01
3.755000000000000004e-01
3.315000000000000169e-01
3.425000000000000266e-01
3.310000000000000164e-01
3.125000000000000000e-01
3.130000000000000004e-01
2.894999999999999796e-01
3.315000000000000169e-01
3.034999999999999920e-01
3.044999999999999929e-01
3.044999999999999929e-01
3.054999999999999938e-01
2.899999999999999800e-01
3.150000000000000022e-01
3.089999999999999969e-01
3.205000000000000071e-01
3.135000000000000009e-01
3.539999999999999813e-01
3.519999999999999796e-01
