9.509999999999999565e-01
9.449999999999999512e-01
9.515000000000000124e-01
9.509999999999999565e-01
9.575000000000000178e-01
9.529999999999999583e-01
9.455000000000000071e-01
9.595000000000000195e-01
9.425000000000000044e-01
9.455000000000000071e-01
9.515000000000000124e-01
9.539999999999999591e-01
9.475000000000000089e-01
9.499999999999999556e-01
9.609999999999999654e-01
9.609999999999999654e-01
9.445000000000000062e-01
9.569999999999999618e-01
9.509999999999999565e-01
9.579999999999999627e-01
9.565000000000000169e-01
9.449999999999999512e-01
9.485000000000000098e-01
9.505000000000000115e-01
9.489999999999999547e-01
9.465000000000000080e-01
9.525000000000000133e-01
9.525000000000000133e-01
9.569999999999999618e-01
9.475000000000000089e-01
9.549999999999999600e-01
9.635000000000000231e-01
9.559999999999999609e-01
9.465000000000000080e-01
9.555000000000000160e-01
9.579999999999999627e-01
9.545000000000000151e-01
9.505000000000000115e-01
9.509999999999999565e-01
9.545000000000000151e-01
