1.600000000000000033e-02
6.000000000000000125e-03
3.500000000000000073e-03
2.750000000000000014e-02
2.299999999999999961e-02
4.000000000000000083e-02
-2.000000000000000042e-03
5.000000000000000104e-04
1.099999999999999936e-02
-1.400000000000000029e-02
-6.000000000000000125e-03
-1.450000000000000074e-02
-8.000000000000000167e-03
5.000000000000000104e-04
-1.250000000000000069e-02
3.899999999999999994e-02
-2.500000000000000052e-03
2.149999999999999828e-02
1.400000000000000029e-02
1.650000000000000078e-02
7.000000000000000666e-02
1.700000000000000122e-02
5.000000000000000104e-03
2.599999999999999881e-02
5.499999999999999681e-03
-7.499999999999999722e-03
-2.050000000000000086e-02
-1.750000000000000167e-02
3.300000000000000155e-02
-4.000000000000000083e-03
3.950000000000000039e-02
-2.599999999999999881e-02
5.000000000000000104e-04
2.450000000000000094e-02
3.649999999999999772e-02
-7.499999999999999722e-03
-2.699999999999999969e-02
2.350000000000000006e-02
-3.300000000000000155e-02
-1.349999999999999985e-02
