1.330000000000000071e-01
1.655000000000000082e-01
1.290000000000000036e-01
1.229999999999999982e-01
1.005000000000000060e-01
1.305000000000000049e-01
1.084999999999999992e-01
5.299999999999999850e-02
1.015000000000000069e-01
1.044999999999999957e-01
9.349999999999999978e-02
1.150000000000000050e-01
1.464999999999999913e-01
1.255000000000000004e-01
5.500000000000000028e-02
1.049999999999999961e-01
1.315000000000000058e-01
1.074999999999999983e-01
1.229999999999999982e-01
1.250000000000000000e-01
9.800000000000000377e-02
1.325000000000000067e-01
8.300000000000000433e-02
1.469999999999999918e-01
1.219999999999999973e-01
1.489999999999999936e-01
1.145000000000000046e-01
1.390000000000000124e-01
1.275000000000000022e-01
1.189999999999999947e-01
1.024999999999999939e-01
8.649999999999999356e-02
9.950000000000000511e-02
1.224999999999999978e-01
1.449999999999999900e-01
1.115000000000000019e-01
6.600000000000000311e-02
9.500000000000000111e-02
1.380000000000000115e-01
1.199999999999999956e-01
