4.864999999999999880e-01
5.254999999999999671e-01
5.174999999999999600e-01
5.230000000000000204e-01
4.834999999999999853e-01
4.645000000000000240e-01
5.060000000000000053e-01
4.879999999999999893e-01
4.209999999999999853e-01
4.909999999999999920e-01
5.510000000000000453e-01
4.964999999999999969e-01
4.555000000000000160e-01
5.030000000000000027e-01
4.819999999999999840e-01
4.675000000000000266e-01
4.660000000000000253e-01
5.140000000000000124e-01
4.914999999999999925e-01
5.334999999999999742e-01
4.839999999999999858e-01
4.934999999999999942e-01
4.724999999999999756e-01
4.420000000000000040e-01
5.104999999999999538e-01
4.500000000000000111e-01
5.084999999999999520e-01
4.974999999999999978e-01
4.565000000000000169e-01
4.919999999999999929e-01
4.924999999999999933e-01
4.844999999999999862e-01
4.709999999999999742e-01
5.094999999999999529e-01
4.620000000000000218e-01
5.250000000000000222e-01
4.794999999999999818e-01
4.929999999999999938e-01
5.184999999999999609e-01
5.010000000000000009e-01
