8.114999999999999991e-01
7.830000000000000293e-01
8.145000000000000018e-01
8.259999999999999565e-01
7.900000000000000355e-01
7.964999999999999858e-01
8.020000000000000462e-01
7.980000000000000426e-01
8.175000000000000044e-01
8.054999999999999938e-01
7.990000000000000435e-01
7.954999999999999849e-01
8.080000000000000515e-01
8.080000000000000515e-01
8.195000000000000062e-01
8.135000000000000009e-01
8.100000000000000533e-01
8.149999999999999467e-01
8.225000000000000089e-01
8.169999999999999485e-01
8.155000000000000027e-01
8.159999999999999476e-01
7.930000000000000382e-01
7.904999999999999805e-01
8.010000000000000453e-01
8.050000000000000488e-01
8.139999999999999458e-01
8.010000000000000453e-01
8.034999999999999920e-01
7.784999999999999698e-01
7.844999999999999751e-01
7.850000000000000311e-01
8.080000000000000515e-01
8.020000000000000462e-01
7.934999999999999831e-01
8.235000000000000098e-01
7.854999999999999760e-01
8.225000000000000089e-01
8.030000000000000471e-01
7.980000000000000426e-01
