2.195000000000000007e-01
2.010000000000000120e-01
2.025000000000000133e-01
2.275000000000000078e-01
1.915000000000000036e-01
1.945000000000000062e-01
2.079999999999999905e-01
2.064999999999999891e-01
2.064999999999999891e-01
1.409999999999999865e-01
1.655000000000000082e-01
1.995000000000000107e-01
1.990000000000000102e-01
1.729999999999999871e-01
1.529999999999999971e-01
2.119999999999999940e-01
2.590000000000000080e-01
1.600000000000000033e-01
1.945000000000000062e-01
2.595000000000000084e-01
1.965000000000000080e-01
2.590000000000000080e-01
2.320000000000000118e-01
1.849999999999999978e-01
1.950000000000000067e-01
2.235000000000000042e-01
1.479999999999999927e-01
1.890000000000000013e-01
1.945000000000000062e-01
2.230000000000000038e-01
1.724999999999999867e-01
2.310000000000000109e-01
1.784999999999999920e-01
2.494999999999999996e-01
2.049999999999999878e-01
1.449999999999999900e-01
1.675000000000000100e-01
1.789999999999999925e-01
1.769999999999999907e-01
2.300000000000000100e-01
