2.149999999999999828e-02
2.000000000000000042e-03
-2.050000000000000086e-02
0.000000000000000000e+00
-1.499999999999999944e-02
8.500000000000000611e-03
-4.499999999999999660e-03
5.499999999999999681e-03
-2.249999999999999917e-02
1.899999999999999953e-02
-1.000000000000000021e-02
1.149999999999999981e-02
1.099999999999999936e-02
9.499999999999999764e-03
2.050000000000000086e-02
7.000000000000000146e-03
-6.000000000000000125e-03
-2.500000000000000052e-03
2.100000000000000130e-02
-4.499999999999999660e-03
1.500000000000000031e-03
1.000000000000000021e-02
-1.400000000000000029e-02
4.499999999999999660e-03
1.949999999999999997e-02
4.000000000000000083e-03
4.000000000000000083e-03
-1.349999999999999985e-02
1.450000000000000074e-02
3.500000000000000073e-03
1.499999999999999944e-02
0.000000000000000000e+00
4.499999999999999660e-03
1.849999999999999908e-02
-1.200000000000000025e-02
3.749999999999999861e-02
-2.549999999999999836e-02
-3.500000000000000073e-03
-1.500000000000000031e-03
2.000000000000000042e-02
