6.400000000000000133e-02
5.899999999999999689e-02
1.019999999999999934e-01
6.350000000000000089e-02
6.750000000000000444e-02
9.700000000000000289e-02
5.750000000000000250e-02
8.599999999999999312e-02
5.800000000000000294e-02
6.199999999999999956e-02
5.650000000000000161e-02
7.299999999999999545e-02
5.850000000000000339e-02
8.799999999999999489e-02
6.450000000000000178e-02
4.399999999999999745e-02
4.649999999999999967e-02
5.050000000000000322e-02
5.249999999999999806e-02
4.900000000000000189e-02
3.849999999999999950e-02
6.600000000000000311e-02
3.899999999999999994e-02
4.750000000000000056e-02
2.549999999999999836e-02
6.850000000000000533e-02
6.450000000000000178e-02
3.899999999999999994e-02
7.499999999999999722e-02
7.950000000000000122e-02
7.749999999999999944e-02
6.800000000000000488e-02
1.450000000000000074e-02
9.299999999999999933e-02
5.700000000000000205e-02
4.299999999999999656e-02
2.999999999999999889e-02
1.204999999999999960e-01
4.900000000000000189e-02
8.999999999999999667e-02
