1.700000000000000122e-02
3.799999999999999906e-02
5.449999999999999983e-02
1.750000000000000167e-02
4.750000000000000056e-02
2.649999999999999925e-02
2.750000000000000014e-02
1.450000000000000074e-02
2.450000000000000094e-02
1.500000000000000031e-03
3.749999999999999861e-02
2.299999999999999961e-02
2.050000000000000086e-02
1.299999999999999940e-02
1.450000000000000074e-02
3.200000000000000067e-02
-1.349999999999999985e-02
3.400000000000000244e-02
7.199999999999999456e-02
2.699999999999999969e-02
2.000000000000000042e-02
1.000000000000000021e-03
3.450000000000000289e-02
3.250000000000000111e-02
4.750000000000000056e-02
2.350000000000000006e-02
8.000000000000000167e-03
1.349999999999999985e-02
1.250000000000000069e-02
-3.200000000000000067e-02
8.500000000000000611e-03
-8.500000000000000611e-03
9.499999999999999764e-03
5.299999999999999850e-02
3.049999999999999933e-02
5.550000000000000072e-02
4.100000000000000172e-02
4.000000000000000083e-03
1.099999999999999936e-02
3.849999999999999950e-02
