1.400000000000000029e-02
2.400000000000000050e-02
5.499999999999999681e-03
0.000000000000000000e+00
1.400000000000000029e-02
7.000000000000000146e-03
-4.000000000000000083e-02
2.500000000000000052e-03
8.000000000000000167e-03
1.600000000000000033e-02
-1.549999999999999989e-02
-3.049999999999999933e-02
-1.600000000000000033e-02
-6.000000000000000125e-03
2.549999999999999836e-02
1.799999999999999864e-02
1.050000000000000065e-02
4.000000000000000083e-03
-3.549999999999999684e-02
-7.499999999999999722e-03
-1.400000000000000029e-02
-5.000000000000000104e-03
-1.799999999999999864e-02
-5.499999999999999681e-03
1.099999999999999936e-02
6.000000000000000125e-03
2.500000000000000052e-03
2.500000000000000052e-03
1.000000000000000021e-02
2.000000000000000042e-03
-8.999999999999999320e-03
2.699999999999999969e-02
2.500000000000000052e-03
5.499999999999999681e-03
1.799999999999999864e-02
3.000000000000000062e-03
3.500000000000000073e-03
1.650000000000000078e-02
-5.499999999999999681e-03
-2.149999999999999828e-02
