8.890000000000000124e-01
8.994999999999999662e-01
8.914999999999999591e-01
8.940000000000000169e-01
9.014999999999999680e-01
8.924999999999999600e-01
9.030000000000000249e-01
8.960000000000000187e-01
8.980000000000000204e-01
8.944999999999999618e-01
8.950000000000000178e-01
9.090000000000000302e-01
8.974999999999999645e-01
9.004999999999999671e-01
8.850000000000000089e-01
9.110000000000000320e-01
8.980000000000000204e-01
8.994999999999999662e-01
8.940000000000000169e-01
9.004999999999999671e-01
8.830000000000000071e-01
9.010000000000000231e-01
8.864999999999999547e-01
9.004999999999999671e-01
8.914999999999999591e-01
8.924999999999999600e-01
8.944999999999999618e-01
8.870000000000000107e-01
8.880000000000000115e-01
9.020000000000000240e-01
9.034999999999999698e-01
9.114999999999999769e-01
8.940000000000000169e-01
8.894999999999999574e-01
9.140000000000000346e-01
9.124999999999999778e-01
9.160000000000000364e-01
8.900000000000000133e-01
8.780000000000000027e-01
8.934999999999999609e-01
