-5.000000000000000104e-04
-1.000000000000000021e-02
-1.099999999999999936e-02
-3.049999999999999933e-02
8.500000000000000611e-03
1.600000000000000033e-02
-1.149999999999999981e-02
3.899999999999999994e-02
2.500000000000000052e-03
4.100000000000000172e-02
-5.000000000000000104e-04
-3.500000000000000073e-03
1.750000000000000167e-02
8.000000000000000167e-03
-4.499999999999999660e-03
1.849999999999999908e-02
-1.600000000000000033e-02
-1.750000000000000167e-02
1.349999999999999985e-02
0.000000000000000000e+00
-3.549999999999999684e-02
-3.049999999999999933e-02
2.999999999999999889e-02
-4.050000000000000128e-02
-9.499999999999999764e-03
1.899999999999999953e-02
-1.499999999999999944e-02
1.050000000000000065e-02
1.099999999999999936e-02
1.250000000000000069e-02
2.000000000000000042e-03
2.000000000000000042e-02
1.200000000000000025e-02
5.000000000000000104e-03
7.499999999999999722e-03
-6.499999999999999702e-03
2.299999999999999961e-02
-3.599999999999999728e-02
-6.499999999999999702e-03
-1.349999999999999985e-02
