9.865000000000000435e-01
9.805000000000000382e-01
9.855000000000000426e-01
9.805000000000000382e-01
9.849999999999999867e-01
9.859999999999999876e-01
9.865000000000000435e-01
9.869999999999999885e-01
9.809999999999999831e-01
9.839999999999999858e-01
9.825000000000000400e-01
9.795000000000000373e-01
9.805000000000000382e-01
9.899999999999999911e-01
9.845000000000000417e-01
9.835000000000000409e-01
9.815000000000000391e-01
9.859999999999999876e-01
9.869999999999999885e-01
9.805000000000000382e-01
9.875000000000000444e-01
9.839999999999999858e-01
9.839999999999999858e-01
9.865000000000000435e-01
9.849999999999999867e-01
9.789999999999999813e-01
9.785000000000000364e-01
9.845000000000000417e-01
9.805000000000000382e-01
9.805000000000000382e-01
9.855000000000000426e-01
9.865000000000000435e-01
9.855000000000000426e-01
9.839999999999999858e-01
9.865000000000000435e-01
9.809999999999999831e-01
9.879999999999999893e-01
9.769999999999999796e-01
9.839999999999999858e-01
9.819999999999999840e-01
