6.624999999999999778e-01
6.630000000000000338e-01
6.870000000000000551e-01
6.584999999999999742e-01
6.684999999999999831e-01
6.630000000000000338e-01
6.430000000000000160e-01
6.919999999999999485e-01
6.640000000000000346e-01
6.814999999999999947e-01
6.834999999999999964e-01
6.885000000000000009e-01
6.564999999999999725e-01
6.650000000000000355e-01
7.159999999999999698e-01
6.710000000000000409e-01
6.909999999999999476e-01
6.710000000000000409e-01
6.704999999999999849e-01
6.810000000000000497e-01
6.470000000000000195e-01
6.840000000000000524e-01
6.630000000000000338e-01
6.770000000000000462e-01
6.560000000000000275e-01
6.730000000000000426e-01
6.384999999999999565e-01
6.260000000000000009e-01
6.514999999999999680e-01
6.730000000000000426e-01
6.604999999999999760e-01
6.310000000000000053e-01
6.714999999999999858e-01
6.674999999999999822e-01
6.630000000000000338e-01
6.714999999999999858e-01
6.959999999999999520e-01
6.844999999999999973e-01
6.460000000000000187e-01
6.955000000000000071e-01
