-7.499999999999999722e-03
-5.499999999999999681e-03
2.500000000000000139e-02
-1.250000000000000069e-02
1.849999999999999908e-02
5.750000000000000250e-02
-2.450000000000000094e-02
2.800000000000000058e-02
-1.000000000000000021e-02
1.400000000000000029e-02
1.149999999999999981e-02
-4.549999999999999878e-02
1.750000000000000167e-02
7.499999999999999722e-03
2.450000000000000094e-02
1.349999999999999985e-02
-6.000000000000000125e-03
2.100000000000000130e-02
-2.249999999999999917e-02
1.400000000000000029e-02
2.549999999999999836e-02
-1.000000000000000021e-02
3.049999999999999933e-02
-1.500000000000000031e-03
-2.450000000000000094e-02
-8.000000000000000167e-03
1.149999999999999981e-02
5.000000000000000104e-03
3.200000000000000067e-02
-2.149999999999999828e-02
1.149999999999999981e-02
1.099999999999999936e-02
-2.199999999999999872e-02
2.249999999999999917e-02
3.749999999999999861e-02
2.500000000000000139e-02
2.450000000000000094e-02
3.500000000000000333e-02
1.400000000000000029e-02
1.700000000000000122e-02
