9.499999999999999764e-03
7.000000000000000666e-02
5.249999999999999806e-02
3.150000000000000022e-02
8.350000000000000477e-02
6.099999999999999867e-02
-8.000000000000000167e-03
7.699999999999999900e-02
1.700000000000000122e-02
8.999999999999999320e-03
4.100000000000000172e-02
4.649999999999999967e-02
4.100000000000000172e-02
3.099999999999999978e-02
6.499999999999999702e-03
3.899999999999999994e-02
8.699999999999999400e-02
3.150000000000000022e-02
7.399999999999999634e-02
4.649999999999999967e-02
1.099999999999999936e-02
5.449999999999999983e-02
5.149999999999999717e-02
4.150000000000000216e-02
2.199999999999999872e-02
6.499999999999999702e-03
3.250000000000000111e-02
5.800000000000000294e-02
4.900000000000000189e-02
5.449999999999999983e-02
4.850000000000000144e-02
3.200000000000000067e-02
6.350000000000000089e-02
-1.000000000000000021e-03
-6.000000000000000125e-03
4.700000000000000011e-02
2.149999999999999828e-02
5.999999999999999778e-02
0.000000000000000000e+00
2.900000000000000147e-02
