9.965000000000000524e-01
9.985000000000000542e-01
9.995000000000000551e-01
9.939999999999999947e-01
9.969999999999999973e-01
9.979999999999999982e-01
9.965000000000000524e-01
9.959999999999999964e-01
9.979999999999999982e-01
9.979999999999999982e-01
9.945000000000000506e-01
9.985000000000000542e-01
9.965000000000000524e-01
9.969999999999999973e-01
9.979999999999999982e-01
9.969999999999999973e-01
9.965000000000000524e-01
9.969999999999999973e-01
9.965000000000000524e-01
9.969999999999999973e-01
9.959999999999999964e-01
9.935000000000000497e-01
9.959999999999999964e-01
9.985000000000000542e-01
9.965000000000000524e-01
9.959999999999999964e-01
9.955000000000000515e-01
9.949999999999999956e-01
9.929999999999999938e-01
9.985000000000000542e-01
9.979999999999999982e-01
9.955000000000000515e-01
9.995000000000000551e-01
9.989999999999999991e-01
9.969999999999999973e-01
9.955000000000000515e-01
9.969999999999999973e-01
9.979999999999999982e-01
9.965000000000000524e-01
9.955000000000000515e-01
